desc: I1 cache:         32768 B, 64 B, 8-way associative
desc: D1 cache:         32768 B, 64 B, 8-way associative
desc: LL cache:         6291456 B, 64 B, 12-way associative
cmd: ./build/tp2 -i asm blur img/1k.smp 5 30
events: Ir I1mr ILmr Dr D1mr DLmr Dw D1mw DLmw Bc Bcm Bi Bim
fl=/build/buildd/eglibc-2.19/csu/../csu/init-first.c
fn=_init
52 8 1 1 0 0 0 4 0 0 0 0 0 0
58 4 1 1 1 1 0 1 1 1 1 1 0 0
65 5 1 1 4 1 0 0 0 0 1 1 0 0
70 1 0 0 0 0 0 1 1 1 0 0 0 0
71 1 0 0 0 0 0 1 0 0 0 0 0 0
72 2 0 0 1 1 0 1 1 1 0 0 0 0
86 4 0 0 0 0 0 1 0 0 0 0 0 0
94 1 0 0 0 0 0 1 0 0 0 0 0 0
99 6 0 0 5 0 0 0 0 0 0 0 0 0
fl=/build/buildd/eglibc-2.19/csu/../sysdeps/generic/dl-hash.h
fn=_init
43 1 0 0 0 0 0 0 0 0 0 0 0 0
44 1 0 0 0 0 0 0 0 0 0 0 0 0
45 13 0 0 4 0 0 0 0 0 4 2 0 0
48 12 0 0 0 0 0 0 0 0 0 0 0 0
49 8 0 0 0 0 0 0 0 0 0 0 0 0
62 8 0 0 0 0 0 0 0 0 0 0 0 0
67 1 1 1 0 0 0 0 0 0 0 0 0 0
fl=/build/buildd/eglibc-2.19/csu/../sysdeps/unix/sysv/linux/x86_64/init-first.c
fn=_init
38 7 1 1 0 0 0 4 0 0 1 0 0 0
40 4 0 0 0 0 0 1 0 0 0 0 0 0
41 2 0 0 0 0 0 0 0 0 1 1 0 0
42 2 1 1 0 0 0 0 0 0 0 0 0 0
43 2 1 1 1 0 0 0 0 0 0 0 0 0
44 1 0 0 0 0 0 1 1 0 0 0 0 0
46 3 0 0 0 0 0 1 0 0 0 0 0 0
50 3 0 0 0 0 0 0 0 0 0 0 0 0
51 2 0 0 1 0 0 0 0 0 0 0 0 0
52 1 0 0 0 0 0 1 0 0 0 0 0 0
fl=/build/buildd/eglibc-2.19/csu/../sysdeps/x86_64/multiarch/init-arch.c
fn=__get_cpu_features
200 42 0 0 14 0 0 0 0 0 14 1 0 0
204 28 0 0 14 0 0 0 0 0 0 0 0 0
fn=__init_cpu_features
31 7 1 1 0 0 0 4 0 0 0 0 0 0
37 3 0 0 0 0 0 0 0 0 0 0 0 0
38 3 0 0 0 0 0 0 0 0 0 0 0 0
39 2 0 0 0 0 0 0 0 0 0 0 0 0
45 1 0 0 0 0 0 1 0 0 0 0 0 0
54 3 1 1 0 0 0 1 0 0 0 0 0 0
57 6 0 0 0 0 0 0 0 0 3 1 0 0
59 3 0 0 0 0 0 0 0 0 0 0 0 0
65 3 0 0 0 0 0 0 0 0 0 0 0 0
66 2 1 1 0 0 0 0 0 0 1 0 0 0
71 2 0 0 0 0 0 0 0 0 1 0 0 0
74 12 1 1 0 0 0 0 0 0 4 1 0 0
101 2 1 1 0 0 0 0 0 0 1 0 0 0
123 1 0 0 1 1 1 0 0 0 0 0 0 0
127 1 1 1 0 0 0 0 0 0 0 0 0 0
152 2 1 1 1 0 0 0 0 0 1 0 0 0
153 7 0 0 0 0 0 4 0 0 0 0 0 0
160 3 0 0 1 0 0 0 0 0 1 0 0 0
164 2 0 0 0 0 0 0 0 0 0 0 0 0
166 3 1 1 0 0 0 0 0 0 1 1 0 0
170 2 1 1 0 0 0 0 0 0 1 0 0 0
171 1 0 0 1 0 0 0 0 0 0 0 0 0
173 2 0 0 0 0 0 0 0 0 1 1 0 0
176 2 0 0 1 0 0 0 0 0 1 1 0 0
184 6 1 1 0 0 0 0 0 0 3 1 0 0
185 5 0 0 0 0 0 0 0 0 2 0 0 0
186 2 0 0 0 0 0 0 0 0 1 1 0 0
189 1 0 0 0 0 0 1 0 0 0 0 0 0
190 1 0 0 0 0 0 1 0 0 0 0 0 0
192 1 0 0 0 0 0 1 0 0 0 0 0 0
193 2 0 0 2 0 0 0 0 0 0 0 0 0
fl=/build/buildd/eglibc-2.19/csu/libc-start.c
fn=(below main)
133 10 1 1 0 0 0 8 0 0 0 0 0 0
137 7 2 2 1 0 0 1 0 0 1 1 0 0
219 2 0 0 0 0 0 0 0 0 1 0 0 0
220 4 0 0 0 0 0 1 0 0 0 0 0 0
242 6 0 0 2 0 0 0 0 0 1 0 0 0
245 2 0 0 0 0 0 0 0 0 1 0 0 0
246 5 1 1 4 0 0 1 0 0 0 0 1 1
250 4 0 0 2 0 0 0 0 0 1 0 0 0
265 2 0 0 0 0 0 0 0 0 1 0 0 0
274 2 0 0 0 0 0 1 0 0 0 0 0 0
275 2 1 1 0 0 0 0 0 0 1 0 0 0
280 2 0 0 1 1 0 1 0 0 0 0 0 0
281 2 0 0 1 1 0 1 0 0 0 0 0 0
284 2 0 0 0 0 0 1 0 0 0 0 0 0
287 6 0 0 5 0 0 1 0 0 0 0 1 1
fl=/build/buildd/eglibc-2.19/ctype/ctype-info.c
fn=__ctype_init
31 7 1 1 5 3 0 1 0 0 0 0 0 0
33 4 0 0 2 1 0 1 0 0 0 0 0 0
35 5 1 1 3 0 0 1 0 0 0 0 0 0
fl=/build/buildd/eglibc-2.19/elf/../elf/dl-runtime.c
fn=_dl_fixup
66 50 1 1 0 0 0 30 0 0 0 0 0 0
68 10 0 0 10 0 0 0 0 0 0 0 0 0
69 20 0 0 20 0 0 0 0 0 0 0 0 0
72 50 1 1 20 2 0 0 0 0 0 0 0 0
73 70 0 0 20 2 0 10 0 0 0 0 0 0
74 30 0 0 20 0 0 0 0 0 0 0 0 0
79 20 0 0 0 0 0 0 0 0 10 1 0 0
83 20 1 1 10 7 6 0 0 0 10 5 0 0
85 2 1 1 0 0 0 0 0 0 0 0 0 0
87 30 0 0 10 1 0 0 0 0 10 1 0 0
91 18 0 0 18 3 0 0 0 0 0 0 0 0
92 36 0 0 9 0 0 0 0 0 0 0 0 0
94 36 0 0 9 1 0 0 0 0 0 0 0 0
100 10 0 0 0 0 0 0 0 0 0 0 0 0
101 30 1 1 10 1 0 0 0 0 10 0 0 0
108 20 0 0 10 1 0 10 0 0 0 0 0 0
111 100 1 1 20 1 0 30 0 0 0 0 0 0
115 30 0 0 10 0 0 0 0 0 10 0 0 0
119 40 0 0 10 0 0 10 0 0 10 10 0 0
125 60 1 1 20 0 0 0 0 0 20 0 0 0
133 10 0 0 10 0 0 0 0 0 0 0 0 0
141 40 0 0 10 0 0 0 0 0 10 1 0 0
145 30 0 0 10 0 0 0 0 0 10 0 0 0
149 50 0 0 40 0 0 0 0 0 0 0 0 0
fl=/build/buildd/eglibc-2.19/elf/../elf/dl-sysdep.c
fn=_dl_sysdep_start
86 8 1 1 0 0 0 7 1 1 0 0 0 0
87 2 0 0 0 0 0 0 0 0 0 0 0 0
88 1 0 0 0 0 0 0 0 0 0 0 0 0
110 1 0 0 0 0 0 1 0 0 0 0 0 0
111 225 1 1 73 10 10 4 3 3 72 10 0 0
114 2 0 0 0 0 0 1 0 0 0 0 0 0
115 1 0 0 0 0 0 1 1 1 0 0 0 0
117 90 4 4 23 2 2 10 0 0 19 7 0 0
118 111 0 0 21 3 3 0 0 0 18 1 17 13
121 1 0 0 1 0 0 0 0 0 0 0 0 0
122 1 0 0 0 0 0 0 0 0 0 0 0 0
124 1 0 0 1 0 0 0 0 0 0 0 0 0
125 1 0 0 0 0 0 0 0 0 0 0 0 0
127 1 1 1 1 0 0 0 0 0 0 0 0 0
128 1 0 0 0 0 0 0 0 0 0 0 0 0
130 1 0 0 1 1 1 0 0 0 0 0 0 0
131 1 0 0 0 0 0 0 0 0 0 0 0 0
151 1 1 1 1 0 0 0 0 0 0 0 0 0
152 1 0 0 0 0 0 0 0 0 0 0 0 0
154 1 0 0 1 1 1 0 0 0 0 0 0 0
155 1 0 0 0 0 0 0 0 0 0 0 0 0
157 1 1 1 1 1 1 0 0 0 0 0 0 0
158 1 0 0 0 0 0 0 0 0 0 0 0 0
163 1 0 0 1 0 0 0 0 0 0 0 0 0
164 1 0 0 0 0 0 0 0 0 0 0 0 0
179 1 0 0 1 0 0 0 0 0 0 0 0 0
180 1 0 0 0 0 0 0 0 0 0 0 0 0
232 3 1 1 0 0 0 2 0 0 0 0 0 0
234 5 0 0 0 0 0 1 0 0 1 0 0 0
246 3 1 1 1 0 0 0 0 0 1 0 0 0
249 6 0 0 2 0 0 1 0 0 0 0 1 1
250 1 1 0 1 0 0 0 0 0 0 0 0 0
251 8 0 0 7 1 0 0 0 0 0 0 0 0
fn=_dl_sysdep_start_cleanup
256 1 1 1 1 0 0 0 0 0 0 0 0 0
fl=/build/buildd/eglibc-2.19/elf/../misc/sbrk.c
fn=sbrk
34 4 1 1 0 0 0 2 0 0 0 0 0 0
42 6 0 0 2 0 0 0 0 0 2 0 0 0
46 2 1 1 0 0 0 0 0 0 1 1 0 0
57 5 0 0 3 0 0 0 0 0 0 0 0 0
fl=/build/buildd/eglibc-2.19/elf/../sysdeps/unix/sysv/linux/dl-osinfo.h
fn=security_init
61 2 0 0 0 0 0 0 0 0 1 1 0 0
84 2 1 1 1 0 0 1 0 0 0 0 0 0
86 1 1 1 1 0 0 0 0 0 0 0 0 0
93 1 0 0 1 0 0 0 0 0 0 0 0 0
101 2 0 0 0 0 0 0 0 0 1 1 0 0
112 1 0 0 1 0 0 0 0 0 0 0 0 0
fl=/build/buildd/eglibc-2.19/elf/../sysdeps/unix/sysv/linux/dl-sysdep.c
fn=_dl_discover_osversion
45 7 1 1 0 0 0 6 0 0 0 0 0 0
47 3 0 0 1 0 0 0 0 0 1 1 0 0
87 5 1 1 0 0 0 1 1 1 1 0 0 0
102 1 0 0 0 0 0 0 0 0 0 0 0 0
106 1 0 0 0 0 0 0 0 0 0 0 0 0
107 1 0 0 0 0 0 0 0 0 0 0 0 0
109 12 1 1 3 1 1 0 0 0 3 0 0 0
111 6 0 0 0 0 0 0 0 0 0 0 0 0
113 17 0 0 4 0 0 0 0 0 4 2 0 0
115 1 0 0 0 0 0 0 0 0 0 0 0 0
116 2 0 0 0 0 0 0 0 0 0 0 0 0
119 3 0 0 0 0 0 0 0 0 0 0 0 0
120 3 0 0 0 0 0 0 0 0 0 0 0 0
121 3 0 0 0 0 0 0 0 0 0 0 0 0
123 13 1 1 0 0 0 0 0 0 5 3 0 0
128 2 0 0 0 0 0 0 0 0 1 1 0 0
132 8 0 0 7 0 0 0 0 0 0 0 0 0
fn=_dl_sysdep_start
35 2 0 0 0 0 0 1 0 0 0 0 0 0
fl=/build/buildd/eglibc-2.19/elf/../sysdeps/unix/sysv/linux/dl-vdso.c
fn=_dl_vdso_vsym
26 4 0 0 0 0 0 0 0 0 0 0 0 0
27 8 1 1 8 1 0 0 0 0 0 0 0 0
28 8 1 1 4 0 0 0 0 0 0 0 0 0
31 8 0 0 0 0 0 0 0 0 4 4 0 0
fl=/build/buildd/eglibc-2.19/elf/../sysdeps/unix/sysv/linux/x86_64/brk.c
fn=brk
28 1 0 0 0 0 0 0 0 0 0 0 0 0
31 7 1 1 0 0 0 1 1 1 1 0 0 0
33 2 0 0 0 0 0 0 0 0 1 0 0 0
39 1 0 0 0 0 0 0 0 0 0 0 0 0
40 1 0 0 1 0 0 0 0 0 0 0 0 0
fl=/build/buildd/eglibc-2.19/elf/../sysdeps/x86_64/dl-irel.h
fn=_dl_fixup
32 3 1 1 0 0 0 1 0 0 0 0 1 1
fl=/build/buildd/eglibc-2.19/elf/../sysdeps/x86_64/dl-machine.h
fn=_dl_fixup
210 10 0 0 0 0 0 10 0 0 0 0 0 0
fn=_dl_relocate_object
71 20 1 1 5 0 0 0 0 0 10 3 0 0
77 8 1 1 8 3 0 0 0 0 0 0 0 0
81 12 0 0 4 4 3 0 0 0 4 0 0 0
87 4 0 0 0 0 0 4 0 0 0 0 0 0
95 12 1 1 4 0 0 0 0 0 4 0 0 0
108 8 0 0 0 0 0 4 0 0 0 0 0 0
111 16 0 0 4 3 0 0 0 0 4 0 0 0
244 224 0 0 0 0 0 0 0 0 112 1 0 0
265 224 1 1 0 0 0 0 0 0 112 1 0 0
269 224 0 0 0 0 0 0 0 0 112 0 0 0
276 4543 10 10 901 95 80 802 3 0 415 28 0 0
278 507 0 0 204 1 0 0 0 0 101 4 0 0
281 408 1 1 102 0 0 0 0 0 102 0 0 0
287 784 0 0 112 4 3 0 0 0 112 0 112 10
320 2 0 0 0 0 0 0 0 0 1 0 0 0
321 3 1 1 1 0 0 1 0 0 0 0 0 0
382 33 1 1 11 0 0 0 0 0 11 0 0 0
386 55 0 0 11 1 0 0 0 0 11 1 0 0
391 55 1 1 22 2 2 11 9 9 0 0 0 0
410 291 1 1 97 10 9 97 12 7 0 0 0 0
422 24 1 1 0 0 0 8 1 0 0 0 0 0
449 9 0 0 3 0 0 0 0 0 3 0 0 0
453 18 1 1 9 0 0 3 0 0 0 0 0 0
455 9 0 0 6 0 0 0 0 0 3 0 0 0
456 3 0 0 0 0 0 0 0 0 3 3 0 0
487 3591 0 0 1197 300 299 0 0 0 1197 0 0 0
492 2394 1 1 0 0 0 0 0 0 1197 0 0 0
493 3591 0 0 1197 150 150 1197 229 225 0 0 0 0
503 117 0 0 68 0 0 0 0 0 0 0 0 0
507 98 0 0 0 0 0 0 0 0 49 0 0 0
509 147 0 0 49 1 0 0 0 0 49 0 0 0
510 49 0 0 49 8 7 0 0 0 0 0 0 0
527 38 0 0 38 0 0 0 0 0 0 0 0 0
529 19 0 0 0 0 0 19 0 0 0 0 19 19
530 19 0 0 0 0 0 19 0 0 0 0 0 0
fn=_dl_start
58 3 0 0 1 1 1 0 0 0 0 0 0 0
241 9 0 0 0 0 0 0 0 0 0 0 0 0
269 18 0 0 0 0 0 0 0 0 9 0 0 0
278 36 0 0 18 2 2 0 0 0 9 0 0 0
281 36 0 0 9 5 5 0 0 0 9 0 0 0
287 55 0 0 9 2 2 0 0 0 9 0 9 1
391 9 1 1 9 1 1 0 0 0 0 0 0 0
400 9 0 0 0 0 0 9 2 2 0 0 0 0
492 20 0 0 10 1 1 0 0 0 10 0 0 0
493 30 0 0 10 1 1 10 2 2 0 0 0 0
fn=_dl_sysdep_start
200 5 0 0 2 1 1 0 0 0 2 1 0 0
fl=/build/buildd/eglibc-2.19/elf/../sysdeps/x86_64/dl-trampoline.S
fn=_dl_runtime_resolve
34 10 1 1 0 0 0 0 0 0 0 0 0 0
36 10 0 0 0 0 0 10 0 0 0 0 0 0
37 10 0 0 0 0 0 10 0 0 0 0 0 0
38 10 0 0 0 0 0 10 0 0 0 0 0 0
39 10 0 0 0 0 0 10 0 0 0 0 0 0
40 10 0 0 0 0 0 10 0 0 0 0 0 0
41 10 1 1 0 0 0 10 0 0 0 0 0 0
42 10 0 0 0 0 0 10 0 0 0 0 0 0
43 10 0 0 10 0 0 0 0 0 0 0 0 0
44 10 0 0 10 0 0 0 0 0 0 0 0 0
45 10 0 0 0 0 0 10 0 0 0 0 0 0
46 10 0 0 0 0 0 0 0 0 0 0 0 0
47 10 0 0 10 0 0 0 0 0 0 0 0 0
48 10 0 0 10 0 0 0 0 0 0 0 0 0
49 10 0 0 10 0 0 0 0 0 0 0 0 0
50 10 0 0 10 0 0 0 0 0 0 0 0 0
51 10 0 0 10 0 0 0 0 0 0 0 0 0
52 10 0 0 10 0 0 0 0 0 0 0 0 0
53 10 0 0 10 0 0 0 0 0 0 0 0 0
54 10 0 0 0 0 0 0 0 0 0 0 0 0
56 10 1 1 0 0 0 0 0 0 0 0 10 9
fl=/build/buildd/eglibc-2.19/elf/dl-altinit.c
fn=dlinit_alt
33 3 0 0 2 0 0 0 0 0 1 1 0 0
34 1 0 0 1 0 0 0 0 0 0 0 0 0
fl=/build/buildd/eglibc-2.19/elf/dl-cache.c
fn=_dl_cache_libcmp
138 66 1 1 44 20 20 0 0 0 0 0 0 0
139 256 0 0 0 0 0 0 0 0 128 11 0 0
141 369 0 0 0 0 0 0 0 0 123 23 0 0
143 133 0 0 0 0 0 0 0 0 5 0 0 0
149 15 1 1 0 0 0 0 0 0 0 0 0 0
150 10 0 0 0 0 0 0 0 0 0 0 0 0
151 20 0 0 5 0 0 0 0 0 5 2 0 0
153 25 1 1 5 0 0 0 0 0 5 2 0 0
155 10 0 0 0 0 0 0 0 0 5 1 0 0
161 236 1 1 0 0 0 0 0 0 118 0 0 0
163 438 0 0 202 0 0 0 0 0 118 17 0 0
164 17 0 0 0 0 0 0 0 0 0 0 0 0
167 101 0 0 0 0 0 0 0 0 0 0 0 0
168 101 0 0 0 0 0 0 0 0 0 0 0 0
171 10 0 0 0 0 0 0 0 0 0 0 0 0
172 44 0 0 22 0 0 0 0 0 0 0 0 0
fn=_dl_load_cache_lookup
182 16 1 1 0 0 0 12 0 0 0 0 0 0
190 4 0 0 2 0 0 0 0 0 2 0 0 0
193 6 0 0 2 0 0 0 0 0 2 1 0 0
196 5 1 1 0 0 0 1 0 0 0 0 0 0
204 5 0 0 1 0 0 0 0 0 2 0 0 0
205 6 1 1 0 0 0 1 0 0 1 0 0 0
209 1 0 0 0 0 0 1 0 0 0 0 0 0
212 4 0 0 1 0 0 0 0 0 0 0 0 0
215 2 0 0 0 0 0 1 0 0 0 0 0 0
216 3 0 0 0 0 0 0 0 0 1 0 0 0
217 5 1 1 0 0 0 1 0 0 1 1 0 0
219 2 0 0 0 0 0 0 0 0 0 0 0 0
238 4 0 0 1 0 0 0 0 0 1 1 0 0
244 6 1 1 2 0 0 0 0 0 2 0 0 0
253 10 0 0 4 0 0 2 0 0 0 0 0 0
259 8 0 0 0 0 0 4 0 0 0 0 0 0
263 14 1 1 4 0 0 4 0 0 2 0 0 0
264 12 0 0 6 0 0 0 0 0 0 0 0 0
278 509 9 9 71 18 18 26 0 0 102 27 0 0
294 4 1 1 2 0 0 0 0 0 2 0 0 0
299 18 0 0 14 0 0 0 0 0 0 0 0 0
fn=_dl_unload_cache
308 1 0 0 0 0 0 0 0 0 0 0 0 0
309 4 1 1 1 1 0 0 0 0 1 1 0 0
311 2 0 0 1 1 0 1 0 0 0 0 0 0
312 1 0 0 0 0 0 1 0 0 0 0 0 0
314 2 0 0 1 0 0 0 0 0 0 0 0 0
fl=/build/buildd/eglibc-2.19/elf/dl-debug.c
fn=_dl_debug_initialize
50 10 1 1 0 0 0 0 0 0 5 5 0 0
51 5 1 1 5 0 0 0 0 0 0 0 0 0
55 18 0 0 5 1 0 0 0 0 9 8 0 0
58 1 0 0 0 0 0 1 0 0 0 0 0 0
59 2 0 0 0 0 0 1 0 0 0 0 0 0
60 6 0 0 2 0 0 1 0 0 0 0 0 0
61 2 0 0 0 0 0 1 0 0 0 0 0 0
fn=_dl_debug_state
74 2 1 1 2 0 0 0 0 0 0 0 0 0
fl=/build/buildd/eglibc-2.19/elf/dl-deps.c
fn=_dl_map_object_deps
147 11 2 2 0 0 0 9 0 0 0 0 0 0
148 9 0 0 0 0 0 1 0 0 0 0 0 0
160 6 0 0 0 0 0 2 0 0 0 0 0 0
161 2 0 0 0 0 0 2 0 0 0 0 0 0
162 10 0 0 0 0 0 3 0 0 0 0 0 0
164 1 0 0 0 0 0 0 0 0 0 0 0 0
168 8 1 1 2 0 0 2 0 0 0 0 0 0
178 8 1 1 1 0 0 0 0 0 2 0 0 0
179 1 0 0 1 0 0 0 0 0 0 0 0 0
182 3 1 1 0 0 0 2 0 0 0 0 0 0
188 1 0 0 0 0 0 1 0 0 0 0 0 0
189 1 0 0 0 0 0 1 0 0 0 0 0 0
201 2 0 0 1 0 0 1 0 0 0 0 0 0
202 1 0 0 0 0 0 0 0 0 0 0 0 0
203 1 0 0 0 0 0 1 0 0 0 0 0 0
204 2 0 0 0 0 0 2 0 0 0 0 0 0
209 5 0 0 0 0 0 0 0 0 0 0 0 0
210 5 1 1 0 0 0 0 0 0 0 0 0 0
213 5 0 0 0 0 0 5 0 0 0 0 0 0
217 20 1 1 10 0 0 0 0 0 10 5 0 0
218 22 1 1 9 0 0 0 0 0 9 2 0 0
220 3 0 0 0 0 0 0 0 0 0 0 0 0
222 9 0 0 6 0 0 0 0 0 3 1 0 0
224 26 1 1 2 0 0 4 0 0 2 0 0 0
229 18 1 1 9 0 0 0 0 0 9 2 0 0
231 9 0 0 6 0 0 3 0 0 0 0 0 0
236 3 0 0 0 0 0 3 0 0 0 0 0 0
237 3 0 0 0 0 0 3 0 0 0 0 0 0
238 6 0 0 3 0 0 3 0 0 0 0 0 0
239 6 0 0 3 0 0 3 0 0 0 0 0 0
242 329 0 0 86 0 0 3 0 0 80 3 0 0
243 154 0 0 0 0 0 0 0 0 77 8 0 0
249 28 1 1 8 0 0 4 0 0 4 0 0 0
251 4 0 0 0 0 0 4 0 0 0 0 0 0
254 24 1 1 16 0 0 4 0 0 0 0 0 0
256 12 0 0 4 0 0 0 0 0 4 0 0 0
271 4 0 0 4 0 0 0 0 0 0 0 0 0
273 8 0 0 4 0 0 0 0 0 4 1 0 0
278 9 0 0 0 0 0 0 0 0 0 0 0 0
281 3 0 0 0 0 0 3 0 0 0 0 0 0
282 3 1 1 0 0 0 3 0 0 0 0 0 0
283 3 0 0 0 0 0 3 0 0 0 0 0 0
284 6 0 0 3 0 0 3 0 0 0 0 0 0
286 12 0 0 3 0 0 3 0 0 0 0 0 0
288 15 0 0 3 0 0 6 0 0 0 0 0 0
292 8 0 0 0 0 0 0 0 0 4 2 0 0
293 6 0 0 0 0 0 2 0 0 0 0 0 0
295 219 1 1 0 0 0 0 0 0 73 8 0 0
343 9 1 1 0 0 0 4 0 0 0 0 0 0
471 10 1 1 0 0 0 0 0 0 5 2 0 0
473 9 0 0 0 0 0 3 0 0 0 0 0 0
475 6 0 0 0 0 0 3 0 0 0 0 0 0
476 6 0 0 0 0 0 0 0 0 0 0 0 0
477 6 1 1 0 0 0 0 0 0 3 0 0 0
480 3 0 0 0 0 0 3 0 0 0 0 0 0
481 18 0 0 0 0 0 3 0 0 0 0 0 0
482 15 0 0 0 0 0 3 0 0 0 0 0 0
485 3 0 0 0 0 0 3 0 0 0 0 0 0
486 3 0 0 3 0 0 0 0 0 0 0 0 0
490 20 1 1 10 0 0 0 0 0 5 5 0 0
492 5 0 0 5 0 0 0 0 0 0 0 0 0
493 22 0 0 4 0 0 0 0 0 9 8 0 0
497 6 1 1 2 0 0 0 0 0 2 0 0 0
498 2 0 0 1 0 0 1 0 0 0 0 0 0
501 5 0 0 2 0 0 1 0 0 1 1 0 0
511 2 0 0 0 0 0 1 0 0 0 0 0 0
512 3 1 1 1 0 0 0 0 0 0 0 0 0
514 2 0 0 0 0 0 0 0 0 1 0 0 0
519 7 1 1 2 0 0 1 0 0 0 0 0 0
520 4 0 0 1 0 0 1 0 0 1 0 0 0
522 28 0 0 11 0 0 1 0 0 5 4 0 0
528 15 1 1 5 0 0 5 1 1 0 0 0 0
532 10 0 0 10 0 0 0 0 0 0 0 0 0
535 2 0 0 1 0 0 0 0 0 1 0 0 0
586 6 1 1 3 0 0 1 0 0 1 0 0 0
587 1 0 0 0 0 0 1 0 0 0 0 0 0
588 3 0 0 1 0 0 0 0 0 1 1 0 0
623 7 1 1 1 0 0 2 0 0 0 0 0 0
625 3 0 0 0 0 0 0 0 0 1 0 0 0
629 19 0 0 8 0 0 3 0 0 0 0 0 0
630 8 1 1 0 0 0 2 0 0 0 0 0 0
631 3 1 1 1 0 0 1 0 0 0 0 0 0
635 4 0 0 4 0 0 0 0 0 0 0 0 0
636 8 0 0 4 0 0 0 0 0 0 0 0 0
642 27 1 1 4 0 0 0 0 0 10 5 0 0
644 24 0 0 12 0 0 0 0 0 0 0 0 0
645 15 0 0 0 0 0 0 0 0 6 3 0 0
647 27 0 0 9 0 0 0 0 0 9 6 0 0
648 18 0 0 0 0 0 0 0 0 6 0 0 0
658 2 1 1 2 0 0 0 0 0 0 0 0 0
670 6 1 1 0 0 0 0 0 0 0 0 0 0
673 12 0 0 4 0 0 0 0 0 4 2 0 0
676 51 0 0 13 0 0 13 0 0 0 0 0 0
683 2 1 1 1 0 0 1 0 0 0 0 0 0
685 2 0 0 1 0 0 1 0 0 0 0 0 0
686 1 0 0 1 0 0 0 0 0 0 0 0 0
687 3 0 0 1 0 0 0 0 0 1 1 0 0
694 3 0 0 1 0 0 0 0 0 1 1 0 0
697 2 0 0 0 0 0 0 0 0 1 0 0 0
700 8 0 0 7 0 0 0 0 0 0 0 0 0
fn=openaux
60 8 1 1 0 0 0 4 0 0 0 0 0 0
63 40 1 1 16 0 0 8 0 0 0 0 0 0
64 8 0 0 4 0 0 0 0 0 0 0 0 0
67 4 0 0 4 0 0 0 0 0 0 0 0 0
68 8 0 0 8 0 0 0 0 0 0 0 0 0
fl=/build/buildd/eglibc-2.19/elf/dl-environ.c
fn=_dl_next_ld_env_entry
30 3 1 1 3 0 0 0 0 0 0 0 0 0
31 1 0 0 0 0 0 0 0 0 0 0 0 0
33 218 0 0 72 0 0 0 0 0 72 17 0 0
35 142 0 0 71 39 39 0 0 0 71 6 0 0
36 18 1 1 8 0 0 0 0 0 8 5 0 0
38 2 0 0 0 0 0 0 0 0 0 0 0 0
41 4 0 0 0 0 0 2 0 0 0 0 0 0
43 2 0 0 2 0 0 0 0 0 0 0 0 0
46 69 0 0 0 0 0 0 0 0 0 0 0 0
50 1 0 0 1 0 0 0 0 0 0 0 0 0
fl=/build/buildd/eglibc-2.19/elf/dl-error.c
fn=_dl_catch_error
163 20 1 1 0 0 0 15 0 0 0 0 0 0
175 10 0 0 0 0 0 10 0 0 0 0 0 0
176 10 0 0 0 0 0 10 0 0 0 0 0 0
177 10 0 0 0 0 0 10 0 0 0 0 0 0
178 10 0 0 0 0 0 5 0 0 0 0 0 0
180 10 0 0 5 0 0 10 0 0 0 0 5 1
181 10 0 0 5 0 0 5 0 0 0 0 0 0
182 10 1 1 0 0 0 5 0 0 0 0 0 0
185 30 0 0 0 0 0 5 0 0 5 0 0 0
187 15 0 0 10 0 0 5 0 0 0 0 5 2
188 15 0 0 10 0 0 5 0 0 0 0 0 0
189 10 0 0 5 0 0 5 0 0 0 0 0 0
190 10 1 1 5 0 0 5 0 0 0 0 0 0
191 10 0 0 5 0 0 5 0 0 0 0 0 0
199 20 0 0 10 0 0 0 0 0 0 0 0 0
fn=_dl_receive_error
205 10 1 1 0 0 0 6 0 0 0 0 0 0
206 2 0 0 1 0 0 1 0 0 0 0 1 1
210 1 0 0 1 0 0 0 0 0 0 0 0 0
211 1 0 0 1 0 0 0 0 0 0 0 0 0
214 1 0 0 0 0 0 1 0 0 0 0 0 0
215 1 0 0 0 0 0 1 0 0 0 0 0 0
217 2 0 0 0 0 0 1 0 0 0 0 1 1
219 1 1 1 0 0 0 1 0 0 0 0 0 0
220 1 0 0 0 0 0 1 0 0 0 0 0 0
221 8 0 0 7 0 0 0 0 0 0 0 0 0
fl=/build/buildd/eglibc-2.19/elf/dl-fini.c
fn=_dl_fini
131 8 1 1 0 0 0 6 0 0 0 0 0 0
143 1 0 0 0 0 0 0 0 0 0 0 0 0
144 1 1 1 0 0 0 1 0 0 0 0 0 0
150 1 0 0 0 0 0 1 0 0 0 0 0 0
153 12 0 0 2 1 0 2 0 0 2 0 0 0
156 2 1 1 1 1 0 1 0 0 0 0 1 1
159 2 0 0 2 0 0 0 0 0 0 0 0 0
162 2 0 0 0 0 0 0 0 0 1 0 0 0
164 6 1 1 3 0 0 0 0 0 1 0 0 0
171 2 0 0 1 0 0 0 0 0 0 0 0 0
175 4 0 0 1 0 0 0 0 0 1 0 0 0
177 2 0 0 1 0 0 0 0 0 1 0 0 0
180 9 1 1 0 0 0 1 0 0 0 0 0 0
183 2 0 0 0 0 0 1 0 0 0 0 0 0
191 15 0 0 5 0 0 0 0 0 5 2 0 0
193 10 0 0 5 0 0 0 0 0 5 0 0 0
195 10 0 0 5 0 0 0 0 0 5 1 0 0
197 15 1 1 5 0 0 5 0 0 0 0 0 0
198 5 0 0 0 0 0 5 1 0 0 0 0 0
199 5 0 0 5 0 0 0 0 0 0 0 0 0
203 5 0 0 5 0 0 0 0 0 0 0 0 0
205 2 0 0 1 0 0 0 0 0 1 0 0 0
210 6 0 0 2 0 0 1 0 0 0 0 0 0
219 2 1 1 1 0 0 1 0 0 0 0 1 1
223 15 1 1 6 0 0 0 0 0 6 3 0 0
225 5 0 0 5 0 0 0 0 0 0 0 0 0
227 15 0 0 5 0 0 0 0 0 5 0 0 0
230 10 0 0 0 0 0 5 0 0 0 0 0 0
233 15 0 0 5 0 0 0 0 0 5 2 0 0
234 4 1 1 2 0 0 0 0 0 2 2 0 0
237 6 1 1 3 0 0 0 0 0 3 0 0 0
244 6 0 0 0 0 0 0 0 0 3 0 0 0
248 6 0 0 6 0 0 0 0 0 0 0 0 0
249 3 0 0 3 0 0 0 0 0 0 0 0 0
250 6 0 0 3 0 0 0 0 0 0 0 0 0
251 18 1 1 0 0 0 0 0 0 6 3 0 0
252 6 0 0 3 0 0 3 0 0 0 0 3 3
256 9 0 0 3 0 0 0 0 0 3 0 0 0
257 9 0 0 6 1 0 3 0 0 0 0 3 3
262 30 0 0 10 0 0 0 0 0 10 0 0 0
278 10 0 0 5 0 0 0 0 0 0 0 0 0
283 6 0 0 2 0 0 0 0 0 2 1 0 0
289 2 1 1 1 0 0 0 0 0 1 1 0 0
296 8 1 1 7 0 0 0 0 0 0 0 0 0
fn=_dl_sort_fini
32 13 1 1 0 0 0 10 0 0 0 0 0 0
34 2 0 0 0 0 0 0 0 0 1 0 0 0
39 4 0 0 0 0 0 1 0 0 0 0 0 0
40 6 1 1 0 0 0 1 0 0 0 0 0 0
41 3 0 0 1 0 0 1 0 0 0 0 0 0
45 12 0 0 4 0 0 4 0 0 0 0 0 0
46 12 0 0 4 0 0 0 0 0 0 0 0 0
50 20 0 0 8 0 0 0 0 0 8 0 0 0
56 16 1 1 5 0 0 1 0 0 0 0 0 0
57 23 0 0 0 0 0 0 0 0 10 7 0 0
59 24 1 1 12 2 0 0 0 0 0 0 0 0
60 15 0 0 0 0 0 0 0 0 6 3 0 0
62 27 0 0 9 2 0 0 0 0 9 5 0 0
63 18 0 0 0 0 0 0 0 0 6 0 0 0
93 18 1 1 6 0 0 0 0 0 6 0 0 0
114 6 0 0 0 0 0 0 0 0 0 0 0 0
118 21 0 0 4 0 0 0 0 0 4 4 0 0
121 40 1 1 16 0 0 9 0 0 0 0 0 0
125 8 0 0 7 0 0 0 0 0 0 0 0 0
fl=/build/buildd/eglibc-2.19/elf/dl-hwcaps.c
fn=_dl_important_hwcaps
39 12 1 1 0 0 0 10 2 2 0 0 0 0
41 1 0 0 1 0 0 0 0 0 0 0 0 0
42 4 0 0 0 0 0 1 0 0 0 0 0 0
51 3 1 1 1 0 0 0 0 0 1 1 0 0
61 4 1 1 1 0 0 1 0 0 1 1 0 0
92 2 1 1 0 0 0 0 0 0 0 0 0 0
113 1 1 1 0 0 0 0 0 0 0 0 0 0
115 5 0 0 0 0 0 1 0 0 1 1 0 0
130 6 0 0 0 0 0 0 0 0 0 0 0 0
131 2 0 0 0 0 0 0 0 0 0 0 0 0
133 2 0 0 0 0 0 0 0 0 1 1 0 0
145 2 1 1 0 0 0 0 0 0 0 0 0 0
162 2 1 1 0 0 0 0 0 0 1 1 0 0
170 2 1 1 1 0 0 0 0 0 1 0 0 0
172 4 0 0 1 0 0 1 0 0 0 0 0 0
173 4 1 1 1 0 0 1 0 0 0 0 0 0
177 3 0 0 0 0 0 1 0 0 0 0 0 0
178 1 0 0 0 0 0 1 0 0 0 0 0 0
181 2 0 0 0 0 0 0 0 0 1 0 0 0
184 2 0 0 0 0 0 0 0 0 1 0 0 0
188 12 1 1 2 0 0 3 0 0 0 0 0 0
189 2 0 0 0 0 0 0 0 0 1 1 0 0
207 12 2 2 1 0 0 6 0 0 0 0 0 0
208 5 0 0 0 0 0 1 1 1 0 0 0 0
209 4 0 0 2 0 0 0 0 0 1 0 0 0
238 3 0 0 0 0 0 2 0 0 0 0 0 0
241 2 0 0 0 0 0 0 0 0 1 1 0 0
243 5 2 2 2 0 0 2 0 0 0 0 0 0
244 7 0 0 2 0 0 4 0 0 0 0 0 0
269 19 2 2 3 0 0 0 0 0 5 3 0 0
270 8 0 0 0 0 0 4 0 0 0 0 0 0
274 12 0 0 0 0 0 0 0 0 0 0 0 0
277 28 0 0 0 0 0 0 0 0 6 2 0 0
278 24 1 1 0 0 0 0 0 0 8 2 0 0
279 12 0 0 8 0 0 0 0 0 0 0 0 0
281 4 0 0 0 0 0 0 0 0 2 1 0 0
284 3 0 0 1 0 0 0 0 0 0 0 0 0
285 1 0 0 0 0 0 0 0 0 0 0 0 0
286 12 2 2 3 0 0 0 0 0 1 1 0 0
299 6 0 0 2 0 0 2 0 0 0 0 0 0
300 2 0 0 0 0 0 0 0 0 0 0 0 0
302 4 0 0 0 0 0 0 0 0 2 1 0 0
305 3 0 0 2 0 0 1 0 0 0 0 0 0
307 1 0 0 0 0 0 0 0 0 0 0 0 0
308 8 0 0 7 0 0 0 0 0 0 0 0 0
fl=/build/buildd/eglibc-2.19/elf/dl-init.c
fn=_dl_init
36 33 2 2 6 0 0 5 0 0 6 1 0 0
86 11 2 2 0 0 0 6 0 0 0 0 0 0
87 1 0 0 1 1 0 0 0 0 0 0 0 0
88 1 0 0 1 0 0 0 0 0 0 0 0 0
91 3 0 0 1 0 0 0 0 0 1 1 0 0
94 2 0 0 0 0 0 1 0 0 0 0 0 0
98 4 0 0 1 0 0 0 0 0 1 0 0 0
125 18 0 0 0 0 0 0 0 0 6 2 0 0
126 15 0 0 10 0 0 0 0 0 0 0 0 0
132 8 0 0 7 0 0 0 0 0 0 0 0 0
fn=call_init.part.0
34 45 0 0 0 0 0 25 1 0 0 0 0 0
42 15 1 1 5 0 0 5 0 0 0 0 0 0
45 20 0 0 10 1 0 0 0 0 5 1 0 0
46 3 0 0 0 0 0 0 0 0 1 0 0 0
50 12 0 0 4 2 0 0 0 0 4 1 0 0
51 2 0 0 1 1 0 0 0 0 1 0 0 0
55 6 0 0 3 0 0 0 0 0 3 0 0 0
63 6 0 0 0 0 0 0 0 0 3 0 0 0
64 18 0 0 6 3 0 3 0 0 0 0 3 3
67 3 1 1 3 1 0 0 0 0 0 0 0 0
68 6 0 0 0 0 0 0 0 0 3 1 0 0
74 9 0 0 6 2 0 0 0 0 0 0 0 0
76 6 0 0 6 0 0 0 0 0 0 0 0 0
77 23 1 1 0 0 0 0 0 0 7 1 0 0
78 20 0 0 4 0 0 4 0 0 0 0 4 4
80 30 0 0 30 0 0 0 0 0 0 0 0 0
fl=/build/buildd/eglibc-2.19/elf/dl-load.c
fn=_dl_init_paths
714 9 1 1 0 0 0 6 0 0 0 0 0 0
727 6 1 1 2 0 0 2 0 0 0 0 0 0
731 1 0 0 0 0 0 1 0 0 0 0 0 0
732 3 0 0 0 0 0 1 0 0 0 0 0 0
733 2 0 0 0 0 0 0 0 0 1 0 0 0
740 5 1 1 0 0 0 0 0 0 0 0 0 0
741 5 0 0 1 0 0 2 0 0 0 0 0 0
744 1 0 0 0 0 0 1 0 0 0 0 0 0
745 2 0 0 0 0 0 1 0 0 0 0 0 0
747 3 0 0 1 0 0 0 0 0 1 0 0 0
753 1 0 0 0 0 0 1 0 0 0 0 0 0
754 1 0 0 0 0 0 1 0 0 0 0 0 0
762 13 0 0 0 0 0 3 1 1 0 0 0 0
764 8 1 1 0 0 0 4 0 0 0 0 0 0
765 7 1 1 0 0 0 4 3 3 0 0 0 0
767 8 0 0 0 0 0 4 0 0 0 0 0 0
768 14 0 0 3 1 1 4 1 1 0 0 0 0
769 33 0 0 4 0 0 13 0 0 1 0 0 0
772 9 1 1 3 1 1 0 0 0 3 0 0 0
776 27 1 1 15 0 0 5 0 0 4 1 0 0
782 1 1 1 0 0 0 1 1 1 0 0 0 0
783 1 0 0 0 0 0 1 0 0 0 0 0 0
787 1 1 1 1 0 0 0 0 0 0 0 0 0
788 2 0 0 0 0 0 0 0 0 1 0 0 0
790 4 0 0 1 0 0 0 0 0 1 0 0 0
792 3 0 0 1 0 0 0 0 0 1 1 0 0
809 1 0 0 0 0 0 1 0 0 0 0 0 0
811 3 1 1 1 0 0 0 0 0 1 1 0 0
825 2 1 1 0 0 0 1 0 0 0 0 0 0
830 4 2 2 1 0 0 0 0 0 2 0 0 0
838 5 0 0 0 0 0 1 0 0 1 0 0 0
840 11 1 1 0 0 0 2 1 1 0 0 0 0
856 2 0 0 0 0 0 0 0 0 0 0 0 0
857 1528 1 1 509 0 0 0 0 0 509 10 0 0
859 508 0 0 0 0 0 0 0 0 0 0 0 0
860 1524 0 0 0 0 0 0 0 0 0 0 0 0
861 508 0 0 0 0 0 0 0 0 0 0 0 0
864 1 0 0 0 0 0 1 0 0 0 0 0 0
865 1 0 0 0 0 0 1 0 0 0 0 0 0
866 2 0 0 0 0 0 0 0 0 1 0 0 0
872 8 0 0 1 0 0 2 0 0 0 0 0 0
876 3 1 1 2 0 0 0 0 0 1 0 0 0
882 1 0 0 0 0 0 1 0 0 0 0 0 0
886 8 0 0 7 0 0 0 0 0 0 0 0 0
fn=_dl_map_object
161 8 0 0 0 0 0 4 0 0 0 0 0 0
162 4 0 0 0 0 0 2 0 0 0 0 0 0
164 6 0 0 2 0 0 0 0 0 2 0 0 0
167 8 1 1 2 0 0 2 0 0 0 0 0 0
691 18 1 1 6 0 0 0 0 0 6 5 0 0
2317 50 2 2 0 0 0 40 2 2 0 0 0 0
2324 10 0 0 0 0 0 0 0 0 5 0 0 0
2325 10 0 0 5 1 1 0 0 0 5 0 0 0
2328 87 1 1 19 0 0 0 0 0 19 5 0 0
2333 48 0 0 16 0 0 0 0 0 16 0 0 0
2334 32 0 0 0 0 0 0 0 0 16 0 0 0
2336 82 0 0 0 0 0 16 0 0 16 5 0 0
2340 28 0 0 14 0 0 0 0 0 14 4 0 0
2341 42 1 1 14 0 0 0 0 0 14 8 0 0
2344 6 0 0 6 0 0 0 0 0 0 0 0 0
2345 12 0 0 12 0 0 0 0 0 0 0 0 0
2346 24 1 1 0 0 0 6 0 0 6 5 0 0
2362 6 1 1 3 0 0 0 0 0 3 0 0 0
2372 18 1 1 3 0 0 3 0 0 3 0 0 0
2396 3 0 0 0 0 0 3 1 1 0 0 0 0
2398 15 0 0 0 0 0 3 0 0 3 2 0 0
2402 8 1 1 0 0 0 4 0 0 0 0 0 0
2404 4 0 0 2 0 0 0 0 0 2 0 0 0
2411 8 1 1 2 0 0 0 0 0 4 2 0 0
2415 4 1 1 2 0 0 2 0 0 0 0 0 0
2416 6 0 0 0 0 0 2 0 0 0 0 0 0
2420 6 1 1 2 0 0 0 0 0 2 2 0 0
2421 2 0 0 0 0 0 0 0 0 0 0 0 0
2423 22 1 1 0 0 0 8 0 0 0 0 0 0
2435 8 1 1 6 0 0 0 0 0 2 2 0 0
2436 14 1 1 4 0 0 0 0 0 4 0 0 0
2437 2 1 1 0 0 0 0 0 0 0 0 0 0
2446 4 0 0 2 0 0 0 0 0 2 0 0 0
2447 36 1 1 4 0 0 8 0 0 0 0 0 0
2453 12 0 0 0 0 0 4 0 0 2 0 0 0
2454 2 1 1 0 0 0 0 0 0 0 0 0 0
2456 4 1 1 2 0 0 2 0 0 0 0 0 0
2462 8 0 0 0 0 0 2 0 0 2 0 0 0
2464 6 0 0 2 0 0 0 0 0 2 0 0 0
2468 6 0 0 0 0 0 4 0 0 0 0 0 0
2470 4 0 0 0 0 0 0 0 0 2 0 0 0
2474 6 1 1 2 0 0 0 0 0 2 0 0 0
2482 4 0 0 2 0 0 0 0 0 2 0 0 0
2504 18 1 1 4 0 0 2 0 0 2 0 0 0
2507 6 0 0 0 0 0 2 0 0 2 0 0 0
2509 2 0 0 0 0 0 2 0 0 0 0 0 0
2510 6 0 0 2 0 0 0 0 0 2 2 0 0
2530 4 1 1 2 0 0 0 0 0 2 2 0 0
2536 1 0 0 0 0 0 1 0 0 0 0 0 0
2538 6 0 0 0 0 0 1 0 0 1 0 0 0
2539 3 1 1 0 0 0 0 0 0 1 0 0 0
2540 1 0 0 0 0 0 0 0 0 0 0 0 0
2543 7 0 0 0 0 0 1 0 0 0 0 0 0
2546 2 0 0 0 0 0 0 0 0 1 0 0 0
2558 12 0 0 3 0 0 0 0 0 0 0 0 0
2560 6 1 1 0 0 0 0 0 0 3 0 0 0
2604 6 0 0 3 0 0 3 0 0 0 0 0 0
2605 36 1 1 6 0 0 12 0 0 0 0 0 0
2607 40 0 0 35 0 0 0 0 0 0 0 0 0
fn=_dl_map_object_from_fd
474 4 1 1 2 0 0 0 0 0 0 0 0 0
923 45 1 1 0 0 0 30 1 1 0 0 0 0
934 12 1 1 3 0 0 6 1 1 0 0 0 0
935 3 0 0 0 0 0 3 0 0 0 0 0 0
938 18 0 0 0 0 0 3 0 0 3 0 0 0
949 48 1 1 15 0 0 0 0 0 12 3 0 0
950 45 0 0 24 2 2 0 0 0 18 6 0 0
967 6 1 1 3 0 0 0 0 0 3 0 0 0
992 6 0 0 3 0 0 0 0 0 3 0 0 0
1002 6 1 1 3 0 0 0 0 0 3 0 0 0
1024 12 0 0 6 0 0 0 0 0 3 0 0 0
1056 6 0 0 0 0 0 0 0 0 3 0 0 0
1059 24 1 1 12 0 0 3 0 0 0 0 0 0
1060 6 0 0 0 0 0 0 0 0 3 0 0 0
1071 9 0 0 6 0 0 3 1 1 0 0 0 0
1072 9 0 0 6 0 0 3 0 0 0 0 0 0
1073 6 1 1 3 0 0 3 0 0 0 0 0 0
1075 15 0 0 0 0 0 0 0 0 0 0 0 0
1076 12 0 0 6 0 0 0 0 0 3 0 0 0
1077 3 0 0 0 0 0 0 0 0 0 0 0 0
1092 3 1 1 0 0 0 3 0 0 0 0 0 0
1101 36 1 1 6 0 0 9 0 0 0 0 0 0
1102 3 0 0 0 0 0 0 0 0 0 0 0 0
1103 3 0 0 0 0 0 0 0 0 0 0 0 0
1109 217 0 0 0 0 0 0 0 0 29 2 0 0
1110 205 2 2 26 0 0 0 0 0 93 27 0 0
1116 6 0 0 3 0 0 3 0 0 0 0 0 0
1117 9 0 0 3 0 0 3 0 0 0 0 0 0
1118 3 0 0 0 0 0 0 0 0 0 0 0 0
1121 4 0 0 2 0 0 2 0 0 0 0 0 0
1122 2 0 0 0 0 0 0 0 0 0 0 0 0
1127 30 2 2 12 0 0 0 0 0 6 0 0 0
1133 36 0 0 12 0 0 0 0 0 6 0 0 0
1134 6 0 0 0 0 0 0 0 0 0 0 0 0
1141 30 0 0 6 0 0 0 0 0 0 0 0 0
1142 24 0 0 0 0 0 6 3 3 0 0 0 0
1143 18 0 0 6 0 0 0 0 0 0 0 0 0
1144 12 0 0 0 0 0 6 1 1 0 0 0 0
1145 6 0 0 0 0 0 6 0 0 0 0 0 0
1146 12 1 1 6 0 0 6 0 0 0 0 0 0
1147 12 0 0 0 0 0 6 0 0 0 0 0 0
1151 12 0 0 0 0 0 0 0 0 6 3 0 0
1152 9 0 0 3 0 0 0 0 0 0 0 0 0
1157 42 1 1 6 0 0 6 1 1 0 0 0 0
1167 6 0 0 0 0 0 0 0 0 0 0 0 0
1170 3 0 0 1 0 0 0 0 0 1 0 0 0
1174 1 0 0 0 0 0 1 1 1 0 0 0 0
1175 2 1 1 1 0 0 1 0 0 0 0 0 0
1176 2 0 0 0 0 0 0 0 0 1 0 0 0
1177 1 0 0 0 0 0 0 0 0 0 0 0 0
1179 3 0 0 1 0 0 1 0 0 0 0 0 0
1180 2 0 0 1 0 0 1 0 0 0 0 0 0
1183 2 0 0 1 0 0 1 1 1 0 0 0 0
1187 4 0 0 1 0 0 0 0 0 1 0 0 0
1193 3 0 0 1 0 0 2 1 1 0 0 0 0
1194 1 0 0 0 0 0 0 0 0 0 0 0 0
1198 12 0 0 3 0 0 3 0 0 0 0 0 0
1206 15 0 0 0 0 0 0 0 0 0 0 0 0
1250 6 1 1 3 0 0 3 0 0 0 0 0 0
1251 12 0 0 0 0 0 0 0 0 0 0 0 0
1254 6 1 1 3 0 0 3 1 1 0 0 0 0
1255 9 0 0 6 0 0 3 0 0 0 0 0 0
1256 3 0 0 0 0 0 0 0 0 0 0 0 0
1259 9 0 0 0 0 0 0 0 0 3 0 0 0
1272 24 1 1 15 0 0 3 0 0 0 0 0 0
1274 6 0 0 3 0 0 0 0 0 3 0 0 0
1288 3 0 0 3 0 0 0 0 0 0 0 0 0
1293 21 1 1 12 0 0 6 2 2 0 0 0 0
1297 6 0 0 0 0 0 0 0 0 3 0 0 0
1304 9 0 0 3 0 0 3 0 0 0 0 0 0
1305 9 1 1 6 0 0 3 0 0 0 0 0 0
1307 6 0 0 0 0 0 0 0 0 3 2 0 0
1313 18 0 0 3 0 0 3 0 0 0 0 0 0
1314 3 1 1 3 0 0 0 0 0 0 0 0 0
1317 3 0 0 3 0 0 0 0 0 0 0 0 0
1319 3 0 0 3 0 0 0 0 0 0 0 0 0
1340 30 0 0 6 0 0 0 0 0 6 3 0 0
1342 12 1 1 6 0 0 0 0 0 3 0 0 0
1344 30 0 0 12 0 0 3 0 0 3 3 0 0
1352 18 0 0 6 0 0 0 0 0 6 2 0 0
1353 9 1 1 6 0 0 3 0 0 0 0 0 0
1355 12 0 0 6 1 1 0 0 0 6 1 0 0
1356 5 1 1 3 0 0 0 0 0 1 0 0 0
1357 6 0 0 2 0 0 0 0 0 1 0 0 0
1358 5 1 1 1 0 0 0 0 0 0 0 0 0
1360 4 0 0 0 0 0 1 0 0 0 0 0 0
1363 24 0 0 12 0 0 0 0 0 6 3 0 0
1369 6 0 0 3 0 0 0 0 0 0 0 0 0
1370 3 0 0 0 0 0 0 0 0 0 0 0 0
1371 15 0 0 3 0 0 0 0 0 0 0 0 0
1372 6 1 1 0 0 0 0 0 0 0 0 0 0
1379 6 0 0 0 0 0 0 0 0 3 0 0 0
1382 6 0 0 0 0 0 0 0 0 3 0 0 0
1393 21 0 0 0 0 0 9 1 1 0 0 0 0
1394 15 0 0 9 0 0 0 0 0 3 0 0 0
1399 6 0 0 0 0 0 0 0 0 3 1 0 0
1403 8 0 0 1 0 0 1 0 0 0 0 0 0
1406 2 0 0 0 0 0 0 0 0 1 1 0 0
1414 6 1 1 0 0 0 0 0 0 0 0 0 0
1418 12 1 1 6 0 0 0 0 0 3 0 0 0
1427 9 0 0 3 0 0 3 0 0 0 0 0 0
1433 6 0 0 0 0 0 0 0 0 3 0 0 0
1449 9 1 1 3 0 0 0 0 0 3 0 0 0
1468 6 0 0 3 0 0 3 0 0 0 0 0 0
1470 15 0 0 6 0 0 0 0 0 3 0 0 0
1525 9 0 0 3 2 2 0 0 0 3 2 0 0
1526 2 0 0 1 0 0 1 0 0 0 0 0 0
1529 12 1 1 3 0 0 3 0 0 3 0 0 0
1537 21 1 1 3 0 0 0 0 0 6 6 0 0
1540 12 1 1 6 0 0 3 0 0 0 0 0 0
1542 6 0 0 3 0 0 0 0 0 3 0 0 0
1558 6 0 0 0 0 0 3 0 0 0 0 0 0
1562 6 0 0 3 0 0 0 0 0 3 0 0 0
1563 6 0 0 3 0 0 0 0 0 3 0 0 0
1580 6 1 1 3 0 0 0 0 0 3 2 0 0
1581 1 0 0 0 0 0 1 0 0 0 0 0 0
1584 6 0 0 3 0 0 3 0 0 0 0 0 0
1585 6 0 0 3 0 0 3 0 0 0 0 0 0
1589 6 0 0 3 0 0 0 0 0 3 0 0 0
1599 9 1 1 3 0 0 3 0 0 0 0 0 0
1603 12 0 0 3 0 0 0 0 0 3 0 0 0
1623 24 0 0 21 0 0 0 0 0 0 0 0 0
fn=expand_dynamic_string_token
161 30 0 0 0 0 0 10 0 0 0 0 0 0
162 20 1 1 0 0 0 10 0 0 0 0 0 0
164 20 0 0 0 0 0 0 0 0 10 0 0 0
167 40 0 0 0 0 0 0 0 0 0 0 0 0
415 80 1 1 0 0 0 50 0 0 0 0 0 0
425 50 0 0 0 0 0 10 1 1 10 0 0 0
440 50 0 0 50 0 0 0 0 0 0 0 0 0
fn=fillin_rpath
486 17 1 1 0 0 0 12 2 2 0 0 0 0
488 1 0 0 0 0 0 0 0 0 0 0 0 0
491 31 1 1 0 0 0 10 0 0 10 3 0 0
495 45 0 0 9 0 0 9 0 0 0 0 0 0
497 27 0 0 0 0 0 9 0 0 0 0 0 0
501 18 0 0 0 0 0 0 0 0 9 1 0 0
508 72 2 2 9 0 0 0 0 0 18 0 0 0
513 18 0 0 0 0 0 9 0 0 0 0 0 0
516 45 0 0 9 0 0 0 0 0 9 0 0 0
523 240 1 1 71 0 0 9 0 0 71 8 0 0
524 144 1 1 66 0 0 3 0 0 66 20 0 0
531 2 0 0 0 0 0 0 0 0 1 0 0 0
532 2 0 0 1 0 0 0 0 0 1 1 0 0
542 32 2 2 8 0 0 8 0 0 8 2 0 0
545 16 0 0 0 0 0 8 0 0 0 0 0 0
546 32 1 1 16 0 0 8 0 0 0 0 0 0
547 32 0 0 0 0 0 16 0 0 0 0 0 0
548 32 1 1 16 0 0 0 0 0 8 0 0 0
552 8 0 0 0 0 0 8 4 4 0 0 0 0
553 8 0 0 0 0 0 0 0 0 0 0 0 0
554 40 0 0 0 0 0 24 0 0 0 0 0 0
555 8 0 0 0 0 0 8 0 0 0 0 0 0
557 24 0 0 16 0 0 0 0 0 8 5 0 0
558 3 0 0 0 0 0 3 0 0 0 0 0 0
563 32 1 1 8 0 0 0 0 0 0 0 0 0
564 112 0 0 0 0 0 0 0 0 24 0 0 0
565 80 1 1 0 0 0 16 0 0 24 13 0 0
567 16 0 0 8 0 0 8 0 0 0 0 0 0
568 16 0 0 8 0 0 0 0 0 8 4 0 0
573 16 1 1 0 0 0 8 0 0 0 0 0 0
575 16 1 1 8 0 0 8 0 0 0 0 0 0
576 8 0 0 0 0 0 8 0 0 0 0 0 0
579 24 0 0 0 0 0 8 1 1 0 0 0 0
581 36 1 1 18 0 0 9 0 0 0 0 0 0
585 1 0 0 0 0 0 1 0 0 0 0 0 0
588 9 0 0 7 0 0 0 0 0 0 0 0 0
fn=open_path
2168 28 2 2 0 0 0 24 0 0 0 0 0 0
2169 4 0 0 2 0 0 2 0 0 0 0 0 0
2172 2 0 0 0 0 0 2 0 0 0 0 0 0
2173 2 1 1 0 0 0 2 0 0 0 0 0 0
2175 4 0 0 0 0 0 0 0 0 2 0 0 0
2180 16 0 0 4 0 0 0 0 0 0 0 0 0
2183 16 0 0 16 0 0 0 0 0 0 0 0 0
2187 32 0 0 0 0 0 0 0 0 0 0 0 0
2192 32 0 0 16 0 0 0 0 0 16 0 0 0
2199 80 0 0 32 0 0 32 1 1 0 0 0 0
2200 288 1 1 24 0 0 0 0 0 80 4 0 0
2203 128 1 1 64 0 0 0 0 0 64 17 0 0
2207 520 1 1 240 0 0 80 0 0 0 0 0 0
2210 40 0 0 0 0 0 0 0 0 0 0 0 0
2213 80 0 0 40 0 0 0 0 0 40 0 0 0
2216 280 1 1 160 0 0 40 0 0 0 0 0 0
2218 120 0 0 40 0 0 0 0 0 40 4 0 0
2220 64 0 0 0 0 0 0 0 0 32 2 0 0
2225 64 1 1 32 0 0 0 0 0 32 0 0 0
2226 288 0 0 128 0 0 0 0 0 32 0 0 0
2232 106 1 1 34 0 0 34 0 0 0 0 0 0
2234 192 1 1 32 0 0 32 0 0 32 2 0 0
2235 16 0 0 8 0 0 0 0 0 0 0 0 0
2237 168 1 1 32 0 0 32 0 0 0 0 0 0
2244 96 0 0 0 0 0 0 0 0 0 0 0 0
2246 24 0 0 0 0 0 0 0 0 8 0 0 0
2254 4 0 0 0 0 0 2 0 0 0 0 0 0
2282 2 0 0 0 0 0 0 0 0 0 0 0 0
2285 80 0 0 16 0 0 0 0 0 32 4 0 0
2290 16 1 1 16 0 0 0 0 0 0 0 0 0
2292 64 0 0 48 0 0 0 0 0 16 6 0 0
2295 6 0 0 2 0 0 0 0 0 2 0 0 0
2309 40 1 1 14 0 0 0 0 0 0 0 0 0
fn=open_verify
1873 12 2 2 0 0 0 8 0 0 0 0 0 0
1909 3 0 0 1 0 0 0 0 0 1 0 0 0
1930 5 0 0 1 0 0 2 1 1 0 0 0 0
1931 2 0 0 0 0 0 0 0 0 1 0 0 0
1941 1 1 1 0 0 0 1 0 0 0 0 0 0
1942 2 0 0 0 0 0 1 0 0 0 0 0 0
1947 6 0 0 1 0 0 1 0 0 0 0 0 0
1949 2 0 0 0 0 0 0 0 0 1 0 0 0
1951 3 0 0 1 0 0 1 0 0 0 0 0 0
1953 2 0 0 0 0 0 0 0 0 1 0 0 0
1959 2 1 1 0 0 0 0 0 0 1 0 0 0
1975 11 0 0 0 0 0 1 0 0 3 0 0 0
1977 1 0 0 1 0 0 0 0 0 0 0 0 0
1979 4 1 1 0 0 0 1 0 0 0 0 0 0
2006 3 1 1 2 0 0 0 0 0 0 0 0 0
2050 2 0 0 1 0 0 0 0 0 1 0 0 0
2055 2 0 0 1 0 0 0 0 0 1 0 0 0
2058 4 0 0 1 0 0 0 0 0 1 0 0 0
2063 2 1 1 1 1 1 0 0 0 1 0 0 0
2070 5 0 0 1 0 0 0 0 0 0 0 0 0
2071 4 0 0 1 0 0 0 0 0 1 0 0 0
2072 1 0 0 0 0 0 0 0 0 0 0 0 0
2087 61 0 0 0 0 0 0 0 0 8 1 0 0
2089 19 1 1 9 3 3 0 0 0 9 6 0 0
2093 4 1 1 2 0 0 0 0 0 1 0 0 0
2094 2 0 0 0 0 0 0 0 0 0 0 0 0
2103 6 1 1 0 0 0 1 0 0 1 0 0 0
2106 1 0 0 0 0 0 0 0 0 0 0 0 0
2107 3 0 0 1 0 0 0 0 0 0 0 0 0
2108 3 0 0 1 0 0 0 0 0 0 0 0 0
2110 3 0 0 0 0 0 0 0 0 1 1 0 0
2154 8 0 0 7 0 0 0 0 0 0 0 0 0
fn=open_verify.constprop.6
1871 462 2 2 0 0 0 294 1 1 0 0 0 0
1909 126 0 0 42 0 0 0 0 0 42 0 0 0
1930 210 0 0 42 0 0 84 1 1 0 0 0 0
1931 84 0 0 0 0 0 0 0 0 42 2 0 0
1941 2 0 0 0 0 0 2 0 0 0 0 0 0
1942 4 0 0 0 0 0 2 0 0 0 0 0 0
1947 12 1 1 2 0 0 2 0 0 0 0 0 0
1949 4 0 0 0 0 0 0 0 0 2 0 0 0
1951 6 0 0 2 0 0 2 0 0 0 0 0 0
1953 4 0 0 0 0 0 0 0 0 2 0 0 0
1959 4 0 0 0 0 0 0 0 0 2 2 0 0
1975 22 1 1 0 0 0 2 0 0 6 0 0 0
1977 2 0 0 2 0 0 0 0 0 0 0 0 0
1979 8 0 0 0 0 0 2 0 0 0 0 0 0
2050 4 1 1 2 0 0 0 0 0 2 0 0 0
2055 4 0 0 2 0 0 0 0 0 2 0 0 0
2058 8 0 0 2 0 0 0 0 0 2 0 0 0
2063 4 0 0 2 0 0 0 0 0 2 0 0 0
2070 14 1 1 2 0 0 0 0 0 0 0 0 0
2071 8 0 0 2 0 0 0 0 0 2 0 0 0
2072 2 0 0 0 0 0 0 0 0 0 0 0 0
2087 90 0 0 0 0 0 0 0 0 12 0 0 0
2089 34 1 1 16 0 0 0 0 0 16 11 0 0
2093 8 1 1 4 0 0 0 0 0 2 0 0 0
2094 4 0 0 0 0 0 0 0 0 0 0 0 0
2103 24 1 1 0 0 0 4 0 0 4 2 0 0
2106 2 0 0 0 0 0 0 0 0 0 0 0 0
2107 6 0 0 2 0 0 0 0 0 0 0 0 0
2108 6 0 0 2 0 0 0 0 0 0 0 0 0
2110 6 0 0 0 0 0 0 0 0 2 0 0 0
2115 2 0 0 0 0 0 0 0 0 0 0 0 0
2116 2 0 0 0 0 0 0 0 0 0 0 0 0
2119 4 0 0 0 0 0 0 0 0 2 0 0 0
2122 6 0 0 2 0 0 0 0 0 0 0 0 0
2123 10 0 0 2 0 0 0 0 0 0 0 0 0
2124 4 0 0 2 0 0 0 0 0 0 0 0 0
2125 6 0 0 2 0 0 0 0 0 2 0 0 0
2126 12 0 0 4 0 0 0 0 0 4 2 0 0
2131 40 1 1 0 0 0 0 0 0 0 0 0 0
2154 336 1 1 294 0 0 0 0 0 0 0 0 0
fl=/build/buildd/eglibc-2.19/elf/dl-lookup.c
fn=_dl_lookup_symbol_x
475 216 0 0 0 0 0 0 0 0 0 0 0 0
476 6352 2 2 1534 95 92 108 0 0 1534 152 0 0
477 5704 0 0 0 0 0 0 0 0 0 0 0 0
714 1512 1 1 0 0 0 864 3 0 0 0 0 0
716 216 0 0 0 0 0 108 1 0 0 0 0 0
717 216 0 0 0 0 0 216 0 0 0 0 0 0
720 108 0 0 108 1 0 0 0 0 0 0 0 0
724 408 1 1 96 0 0 0 0 0 204 12 0 0
728 216 0 0 0 0 0 108 0 0 0 0 0 0
729 216 0 0 108 0 0 0 0 0 108 0 0 0
731 216 0 0 216 6 0 0 0 0 0 0 0 0
735 904 1 1 10 1 0 216 0 0 118 0 0 0
737 1404 1 1 648 0 0 756 2 0 0 0 0 0
740 216 0 0 0 0 0 0 0 0 108 5 0 0
743 10 0 0 0 0 0 0 0 0 10 0 0 0
766 216 1 1 108 0 0 0 0 0 108 2 0 0
768 70 1 1 20 0 0 0 0 0 20 2 0 0
784 10 0 0 0 0 0 10 0 0 0 0 0 0
785 20 1 1 0 0 0 0 0 0 0 0 0 0
788 98 0 0 98 0 0 0 0 0 0 0 0 0
789 686 0 0 196 0 0 0 0 0 196 0 0 0
815 98 0 0 0 0 0 0 0 0 0 0 0 0
824 490 0 0 98 0 0 0 0 0 98 0 0 0
838 294 1 1 98 3 1 0 0 0 98 1 0 0
839 2 1 1 0 0 0 1 0 0 0 0 0 0
841 392 0 0 196 0 0 0 0 0 98 0 0 0
846 98 0 0 0 0 0 98 0 0 0 0 0 0
848 864 0 0 756 0 0 0 0 0 0 0 0 0
fn=_dl_setup_hash
859 15 1 1 5 0 0 0 0 0 5 0 0 0
863 5 0 0 5 0 0 0 0 0 0 0 0 0
867 10 0 0 5 5 5 5 1 1 0 0 0 0
868 5 0 0 5 0 0 0 0 0 0 0 0 0
869 5 0 0 5 1 1 0 0 0 0 0 0 0
871 15 1 1 0 0 0 0 0 0 5 0 0 0
872 5 0 0 0 0 0 5 0 0 0 0 0 0
873 15 0 0 5 0 0 5 0 0 0 0 0 0
875 5 0 0 0 0 0 5 0 0 0 0 0 0
876 10 0 0 0 0 0 0 0 0 0 0 0 0
878 5 0 0 0 0 0 5 0 0 0 0 0 0
879 5 0 0 0 0 0 0 0 0 0 0 0 0
880 20 1 1 0 0 0 5 0 0 0 0 0 0
881 5 0 0 5 0 0 0 0 0 0 0 0 0
fn=check_match.9458
131 686 1 1 0 0 0 392 0 0 0 0 0 0
132 196 1 1 98 21 13 0 0 0 0 0 0 0
134 392 0 0 196 12 11 0 0 0 196 0 0 0
136 294 0 0 98 0 0 0 0 0 0 0 0 0
146 294 0 0 98 0 0 98 5 0 98 0 0 0
149 376 0 0 188 0 0 30 0 0 128 17 0 0
153 196 0 0 196 0 0 0 0 0 0 0 0 0
154 294 1 1 98 0 0 0 0 0 98 2 0 0
156 192 0 0 0 0 0 0 0 0 96 0 0 0
175 192 0 0 192 10 6 0 0 0 0 0 0 0
176 768 1 1 288 3 0 0 0 0 96 4 0 0
177 480 1 1 192 1 0 96 0 0 96 2 0 0
204 4 1 1 0 0 0 0 0 0 2 0 0 0
206 12 0 0 4 1 0 0 0 0 2 2 0 0
207 8 0 0 2 0 0 0 0 0 0 0 0 0
222 686 0 0 490 0 0 0 0 0 0 0 0 0
fn=do_lookup_x
77 864 1 1 324 0 0 540 3 0 0 0 0 0
82 1296 2 2 216 0 0 756 4 0 0 0 0 0
83 108 0 0 108 1 0 0 0 0 0 0 0 0
89 108 0 0 108 0 0 0 0 0 0 0 0 0
95 436 0 0 0 0 0 436 0 0 0 0 0 0
96 436 0 0 0 0 0 436 0 0 0 0 0 0
98 1308 1 1 872 7 0 436 0 0 0 0 0 0
101 872 0 0 0 0 0 0 0 0 436 0 0 0
105 896 0 0 448 0 0 0 0 0 448 22 0 0
109 866 0 0 433 4 0 0 0 0 433 0 0 0
113 866 0 0 433 1 0 0 0 0 433 0 0 0
119 1299 1 1 433 2 0 0 0 0 433 0 0 0
123 866 0 0 866 11 0 0 0 0 0 0 0 0
124 1299 0 0 866 1 0 433 0 0 0 0 0 0
225 433 0 0 433 0 0 0 0 0 0 0 0 0
226 866 0 0 0 0 0 0 0 0 433 4 0 0
228 433 0 0 433 50 41 0 0 0 0 0 0 0
229 216 0 0 0 0 0 0 0 0 0 0 0 0
230 866 0 0 433 0 0 0 0 0 0 0 0 0
232 432 0 0 0 0 0 0 0 0 0 0 0 0
233 1732 1 1 433 0 0 0 0 0 0 0 0 0
236 1732 0 0 0 0 0 0 0 0 433 127 0 0
237 1299 0 0 0 0 0 0 0 0 0 0 0 0
239 214 0 0 214 56 51 0 0 0 0 0 0 0
240 428 1 1 0 0 0 0 0 0 0 0 0 0
241 214 0 0 0 0 0 0 0 0 107 1 0 0
243 318 0 0 106 0 0 0 0 0 0 0 0 0
246 1040 1 1 208 68 66 0 0 0 208 85 0 0
248 784 1 1 196 0 0 196 0 0 0 0 0 0
249 784 0 0 0 0 0 490 2 0 0 0 0 0
250 490 0 0 294 0 0 0 0 0 98 4 0 0
253 330 0 0 0 0 0 0 0 0 110 8 0 0
257 335 0 0 0 0 0 335 0 0 0 0 0 0
281 670 0 0 335 0 0 0 0 0 335 0 0 0
286 736 0 0 98 0 0 0 0 0 270 17 0 0
290 232 1 1 12 1 0 98 0 0 12 0 0 0
303 196 0 0 98 0 0 98 0 0 0 0 0 0
304 196 0 0 98 0 0 98 0 0 0 0 0 0
305 98 1 1 0 0 0 0 0 0 0 0 0 0
461 1842 1 1 614 1 0 0 0 0 614 57 0 0
462 616 0 0 224 0 0 224 1 0 56 0 0 0
465 1014 1 1 0 0 0 0 0 0 338 17 0 0
468 20 0 0 0 0 0 0 0 0 0 0 0 0
469 864 0 0 756 0 0 0 0 0 0 0 0 0
fl=/build/buildd/eglibc-2.19/elf/dl-minimal.c
fn=__libc_memalign
51 168 1 1 0 0 0 84 2 2 0 0 0 0
52 208 0 0 83 0 0 0 0 0 42 1 0 0
57 3 0 0 0 0 0 1 0 0 0 0 0 0
58 3 1 1 1 0 0 0 0 0 0 0 0 0
59 1 0 0 0 0 0 0 0 0 0 0 0 0
63 126 1 1 0 0 0 42 0 0 0 0 0 0
64 42 0 0 0 0 0 0 0 0 0 0 0 0
66 278 0 0 0 0 0 0 0 0 80 23 0 0
70 16 0 0 4 0 0 0 0 0 0 0 0 0
71 12 1 1 0 0 0 0 0 0 4 0 0 0
77 28 0 0 0 0 0 4 0 0 0 0 0 0
79 20 0 0 8 0 0 0 0 0 4 0 0 0
83 12 0 0 0 0 0 4 0 0 0 0 0 0
86 42 0 0 0 0 0 42 0 0 0 0 0 0
87 42 0 0 0 0 0 42 0 0 0 0 0 0
89 324 0 0 126 0 0 0 0 0 0 0 0 0
fn=calloc
102 10 1 1 0 0 0 0 0 0 0 0 0 0
106 10 0 0 0 0 0 0 0 0 0 0 0 0
109 50 0 0 0 0 0 0 0 0 10 0 0 0
113 10 0 0 0 0 0 0 0 0 0 0 0 0
fn=free
119 18 0 0 0 0 0 9 0 0 0 0 0 0
121 18 1 1 9 0 0 0 0 0 9 1 0 0
125 4 0 0 1 0 0 1 0 0 0 0 0 0
126 1 0 0 0 0 0 1 0 0 0 0 0 0
128 18 0 0 18 0 0 0 0 0 0 0 0 0
fn=malloc
93 41 1 1 0 0 0 0 0 0 0 0 0 0
94 82 0 0 0 0 0 0 0 0 0 0 0 0
fn=strsep
338 24 1 1 12 0 0 0 0 0 12 0 0 0
340 12 0 0 12 0 0 0 0 0 0 0 0 0
341 24 0 0 0 0 0 0 0 0 12 2 0 0
345 2803 1 1 557 0 0 0 0 0 557 6 0 0
350 2204 0 0 1102 0 0 0 0 0 1102 22 0 0
352 3282 0 0 1094 0 0 0 0 0 1094 5 0 0
354 16 0 0 0 0 0 0 0 0 8 2 0 0
356 16 1 1 0 0 0 8 0 0 0 0 0 0
357 8 0 0 0 0 0 0 0 0 0 0 0 0
360 547 0 0 0 0 0 0 0 0 0 0 0 0
363 10 0 0 0 0 0 10 0 0 0 0 0 0
367 12 0 0 12 0 0 0 0 0 0 0 0 0
fl=/build/buildd/eglibc-2.19/elf/dl-misc.c
fn=_dl_name_match_p
288 440 1 1 0 0 0 176 1 0 0 0 0 0
289 352 0 0 88 1 0 88 2 1 88 0 0 0
290 94 0 0 0 0 0 0 0 0 0 0 0 0
292 88 0 0 88 0 0 0 0 0 0 0 0 0
294 352 0 0 0 0 0 0 0 0 176 26 0 0
295 470 1 1 94 3 0 94 0 0 94 13 0 0
298 88 0 0 88 0 0 0 0 0 0 0 0 0
300 82 0 0 0 0 0 0 0 0 0 0 0 0
301 440 0 0 264 0 0 0 0 0 0 0 0 0
fn=_dl_sysdep_read_whole_file
45 7 2 2 0 0 0 4 0 0 0 0 0 0
46 1 0 0 0 0 0 0 0 0 0 0 0 0
52 4 0 0 0 0 0 1 0 0 0 0 0 0
53 2 0 0 0 0 0 0 0 0 1 0 0 0
55 6 0 0 0 0 0 1 0 0 1 0 0 0
57 2 0 0 1 0 0 1 1 1 0 0 0 0
60 2 0 0 0 0 0 0 0 0 1 1 0 0
62 8 1 1 0 0 0 1 0 0 0 0 0 0
73 2 0 0 0 0 0 1 0 0 0 0 0 0
76 7 0 0 5 0 0 0 0 0 0 0 0 0
fl=/build/buildd/eglibc-2.19/elf/dl-object.c
fn=_dl_add_to_namespace_list
32 20 1 1 0 0 0 8 0 0 0 0 0 0
34 8 0 0 4 0 0 4 0 0 0 0 4 1
36 29 1 1 4 0 0 0 0 0 4 3 0 0
39 27 0 0 9 0 0 0 0 0 9 6 0 0
40 6 0 0 0 0 0 0 0 0 0 0 0 0
41 3 0 0 0 0 0 3 0 0 0 0 0 0
43 3 0 0 0 0 0 3 0 0 0 0 0 0
46 2 0 0 0 0 0 1 0 0 0 0 0 0
47 12 0 0 4 0 0 0 0 0 0 0 0 0
48 8 0 0 4 0 0 4 0 0 0 0 0 0
49 8 0 0 0 0 0 4 0 0 0 0 0 0
51 12 0 0 4 0 0 0 0 0 0 0 4 1
52 12 0 0 8 0 0 0 0 0 0 0 0 0
fn=_dl_new_object
61 56 2 2 0 0 0 40 1 1 0 0 0 0
62 20 0 0 0 0 0 4 0 0 0 0 0 0
68 48 1 1 8 0 0 0 0 0 4 0 0 0
75 20 0 0 0 0 0 8 0 0 0 0 0 0
78 8 0 0 0 0 0 0 0 0 4 0 0 0
81 4 0 0 0 0 0 4 4 4 0 0 0 0
82 8 0 0 0 0 0 4 4 4 0 0 0 0
86 8 0 0 0 0 0 4 1 1 0 0 0 0
87 20 1 1 8 0 0 8 1 1 0 0 0 0
89 4 0 0 0 0 0 4 0 0 0 0 0 0
97 20 0 0 8 0 0 4 0 0 0 0 0 0
98 24 1 1 8 4 4 4 0 0 0 0 0 0
101 8 0 0 4 0 0 0 0 0 4 4 0 0
102 9 1 1 0 0 0 4 4 4 0 0 0 0
103 4 0 0 0 0 0 4 0 0 0 0 0 0
107 4 0 0 0 0 0 4 0 0 0 0 0 0
110 45 1 1 0 0 0 0 0 0 20 13 0 0
112 32 0 0 0 0 0 16 5 5 0 0 0 0
122 8 0 0 0 0 0 4 1 1 0 0 0 0
123 4 0 0 0 0 0 4 4 4 0 0 0 0
126 4 0 0 0 0 0 0 0 0 0 0 0 0
128 24 1 1 4 0 0 0 0 0 4 1 0 0
130 9 0 0 0 0 0 3 2 2 0 0 0 0
133 9 0 0 0 0 0 0 0 0 4 3 0 0
137 9 0 0 3 0 0 0 0 0 3 0 0 0
141 21 0 0 3 0 0 0 0 0 7 7 0 0
143 1 1 1 0 0 0 0 0 0 0 0 0 0
149 1 0 0 0 0 0 1 1 1 0 0 0 0
152 8 0 0 0 0 0 4 0 0 0 0 0 0
155 20 0 0 8 0 0 0 0 0 4 1 0 0
157 15 0 0 3 0 0 6 0 0 0 0 0 0
161 15 1 1 0 0 0 0 0 0 3 0 0 0
165 9 2 2 0 0 0 3 0 0 0 0 0 0
166 12 0 0 0 0 0 0 0 0 3 0 0 0
211 12 0 0 6 0 0 3 0 0 0 0 0 0
216 103 0 0 0 0 0 0 0 0 0 0 0 0
217 112 0 0 53 0 0 0 0 0 53 25 0 0
222 6 0 0 0 0 0 3 0 0 0 0 0 0
225 6 1 1 0 0 0 3 0 0 0 0 0 0
229 32 1 1 28 0 0 0 0 0 0 0 0 0
fl=/build/buildd/eglibc-2.19/elf/dl-reloc.c
fn=_dl_relocate_object
154 60 1 1 0 0 0 40 0 0 0 0 0 0
161 5 0 0 0 0 0 5 0 0 0 0 0 0
164 10 0 0 0 0 0 0 0 0 0 0 0 0
165 25 1 1 0 0 0 15 0 0 0 0 0 0
169 10 0 0 0 0 0 0 0 0 5 0 0 0
170 20 1 1 10 1 0 0 0 0 0 0 0 0
176 10 0 0 5 0 0 0 0 0 5 0 0 0
182 15 0 0 5 0 0 0 0 0 5 4 0 0
183 10 1 1 5 4 0 0 0 0 5 3 0 0
186 10 1 1 5 0 0 0 0 0 5 0 0 0
193 10 0 0 5 2 0 0 0 0 5 0 0 0
238 15 0 0 10 0 0 5 0 0 0 0 0 0
264 294 3 3 104 16 1 67 0 0 76 19 0 0
267 15 1 1 5 0 0 0 0 0 5 1 0 0
295 5 0 0 5 0 0 0 0 0 0 0 0 0
298 10 0 0 5 0 0 0 0 0 5 0 0 0
315 15 0 0 5 3 0 0 0 0 5 5 0 0
317 40 0 0 35 1 0 0 0 0 0 0 0 0
323 20 1 1 10 0 0 0 0 0 0 0 0 0
324 10 0 0 5 0 0 0 0 0 0 0 0 0
325 10 0 0 0 0 0 0 0 0 0 0 0 0
328 10 0 0 0 0 0 0 0 0 5 0 0 0
329 25 1 1 0 0 0 5 0 0 5 4 0 0
fl=/build/buildd/eglibc-2.19/elf/dl-tls.c
fn=__tls_get_addr
770 1 1 1 1 0 0 0 0 0 0 0 0 0
772 3 0 0 2 0 0 0 0 0 1 0 0 0
775 3 0 0 2 1 0 0 0 0 0 0 0 0
777 2 0 0 0 0 0 0 0 0 1 0 0 0
780 1 0 0 1 0 0 0 0 0 0 0 0 0
781 1 0 0 1 0 0 0 0 0 0 0 0 0
fn=_dl_add_to_slotinfo
831 4 1 1 0 0 0 3 0 0 0 0 0 0
837 2 1 1 1 0 0 0 0 0 0 0 0 0
840 1 0 0 1 1 0 0 0 0 0 0 0 0
845 5 0 0 1 0 0 0 0 0 1 0 0 0
886 1 0 0 0 0 0 1 1 0 0 0 0 0
887 3 1 1 1 1 0 1 0 0 0 0 0 0
888 4 0 0 4 0 0 0 0 0 0 0 0 0
fn=_dl_allocate_tls_init
376 8 1 1 0 0 0 7 0 0 0 0 0 0
377 2 0 0 0 0 0 0 0 0 1 0 0 0
381 3 0 0 2 0 0 1 0 0 0 0 0 0
383 1 0 0 0 0 0 0 0 0 0 0 0 0
384 1 0 0 0 0 0 0 0 0 0 0 0 0
389 3 0 0 1 0 0 1 0 0 0 0 0 0
394 12 1 1 2 0 0 0 0 0 2 0 0 0
400 9 0 0 0 0 0 0 0 0 2 1 0 0
403 1 1 1 1 0 0 0 0 0 0 0 0 0
404 2 0 0 0 0 0 0 0 0 1 0 0 0
410 3 0 0 1 0 0 0 0 0 0 0 0 0
412 2 0 0 0 0 0 0 0 0 1 1 0 0
413 2 0 0 1 0 0 0 0 0 0 0 0 0
422 2 1 1 1 0 0 0 0 0 1 1 0 0
423 4 0 0 2 0 0 0 0 0 1 1 0 0
425 2 0 0 0 0 0 0 0 0 1 1 0 0
426 2 1 1 1 0 0 0 0 0 0 0 0 0
434 4 0 0 1 0 0 1 1 0 0 0 0 0
435 1 0 0 0 0 0 1 0 0 0 0 0 0
436 11 0 0 4 0 0 2 0 0 0 0 0 0
450 2 1 1 1 0 0 1 0 0 0 0 0 0
452 1 0 0 1 0 0 0 0 0 0 0 0 0
453 8 1 1 7 0 0 0 0 0 0 0 0 0
fn=_dl_allocate_tls_storage
295 2 0 0 1 0 0 0 0 0 0 0 0 0
296 3 1 1 0 0 0 1 0 0 0 0 0 0
297 2 0 0 0 0 0 0 0 0 1 0 0 0
300 1 0 0 0 0 0 1 1 1 0 0 0 0
306 2 0 0 0 0 0 1 0 0 0 0 0 0
328 3 1 1 0 0 0 3 0 0 0 0 0 0
330 1 0 0 1 0 0 0 0 0 0 0 0 0
341 4 0 0 1 0 0 1 0 0 0 0 0 0
342 2 0 0 0 0 0 0 0 0 1 0 0 0
349 1 0 0 0 0 0 0 0 0 0 0 0 0
353 306 1 1 0 0 0 288 36 36 295 10 0 0
370 5 0 0 4 0 0 0 0 0 0 0 0 0
fn=_dl_determine_tlsoffset
112 7 1 1 0 0 0 6 0 0 0 0 0 0
113 2 1 1 0 0 0 0 0 0 0 0 0 0
114 1 0 0 0 0 0 0 0 0 0 0 0 0
115 1 0 0 0 0 0 0 0 0 0 0 0 0
118 3 1 1 1 0 0 0 0 0 1 0 0 0
121 2 0 0 1 0 0 0 0 0 1 0 0 0
123 1 0 0 0 0 0 0 0 0 0 0 0 0
155 1 0 0 0 0 0 0 0 0 0 0 0 0
157 10 0 0 2 1 1 0 0 0 2 1 0 0
159 3 0 0 1 0 0 0 0 0 1 0 0 0
161 3 0 0 1 0 0 0 0 0 0 0 0 0
162 2 1 1 1 0 0 0 0 0 0 0 0 0
164 2 0 0 0 0 0 0 0 0 0 0 0 0
166 5 0 0 1 0 0 0 0 0 1 0 0 0
168 2 1 1 0 0 0 0 0 0 0 0 0 0
182 9 1 1 0 0 0 0 0 0 0 0 0 0
184 3 0 0 0 0 0 0 0 0 1 1 0 0
185 1 0 0 0 0 0 0 0 0 0 0 0 0
194 1 0 0 0 0 0 1 0 0 0 0 0 0
197 4 0 0 0 0 0 1 0 0 0 0 0 0
198 1 0 0 0 0 0 1 0 0 0 0 0 0
249 1 0 0 0 0 0 1 0 0 0 0 0 0
250 8 0 0 7 0 0 0 0 0 0 0 0 0
fn=_dl_next_tls_modid
50 1 1 1 0 0 0 0 0 0 0 0 0 0
53 3 0 0 2 0 0 0 0 0 1 0 0 0
101 2 0 0 0 0 0 1 0 0 0 0 0 0
105 2 0 0 1 0 0 0 0 0 0 0 0 0
fl=/build/buildd/eglibc-2.19/elf/dl-version.c
fn=_dl_check_all_versions
380 6 1 1 0 0 0 4 0 0 0 0 0 0
382 2 0 0 0 0 0 0 0 0 0 0 0 0
384 19 1 1 5 0 0 0 0 0 6 5 0 0
385 5 1 1 0 0 0 0 0 0 0 0 0 0
386 50 0 0 5 0 0 5 0 0 5 0 0 0
389 7 0 0 5 0 0 0 0 0 0 0 0 0
fn=_dl_check_map_versions
56 52 0 0 8 0 0 0 0 0 16 4 0 0
57 12 0 0 12 0 0 0 0 0 0 0 0 0
58 84 1 1 0 0 0 16 0 0 16 4 0 0
174 55 1 1 0 0 0 40 0 0 0 0 0 0
175 2 0 0 0 0 0 0 0 0 0 0 0 0
183 2 1 1 0 0 0 0 0 0 0 0 0 0
189 15 0 0 5 0 0 0 0 0 5 0 0 0
191 10 0 0 5 0 0 5 0 0 0 0 0 0
193 10 0 0 5 0 0 5 0 0 0 0 0 0
194 10 1 1 5 0 0 5 0 0 0 0 0 0
196 10 0 0 0 0 0 0 0 0 5 2 0 0
199 12 0 0 9 0 0 3 0 0 0 0 0 0
203 18 0 0 6 2 2 0 0 0 3 0 0 0
220 12 1 1 12 0 0 0 0 0 0 0 0 0
228 12 0 0 4 0 0 0 0 0 4 0 0 0
233 28 0 0 8 0 0 0 0 0 0 0 0 0
237 120 2 2 69 3 3 14 0 0 7 4 0 0
244 28 0 0 7 0 0 0 0 0 0 0 0 0
247 25 0 0 7 0 0 0 0 0 7 3 0 0
252 3 0 0 0 0 0 0 0 0 0 0 0 0
256 16 0 0 8 0 0 0 0 0 4 2 0 0
261 1 0 0 1 0 0 0 0 0 0 0 0 0
262 1 0 0 0 0 0 0 0 0 0 0 0 0
270 15 1 1 5 0 0 0 0 0 5 2 0 0
273 9 0 0 6 0 0 0 0 0 0 0 0 0
276 132 0 0 33 0 0 0 0 0 0 0 0 0
279 99 0 0 33 1 1 0 0 0 33 15 0 0
283 30 0 0 0 0 0 0 0 0 0 0 0 0
287 10 0 0 0 0 0 0 0 0 5 4 0 0
292 4 0 0 0 0 0 4 0 0 0 0 0 0
293 16 0 0 0 0 0 4 0 0 0 0 0 0
294 8 0 0 0 0 0 0 0 0 4 0 0 0
302 4 1 1 0 0 0 4 0 0 0 0 0 0
305 12 0 0 8 0 0 4 0 0 0 0 0 0
307 12 0 0 4 0 0 0 0 0 4 1 0 0
310 12 0 0 9 0 0 0 0 0 0 0 0 0
314 12 0 0 4 0 0 0 0 0 0 0 0 0
317 21 0 0 7 0 0 0 0 0 0 0 0 0
319 21 1 1 0 0 0 0 0 0 7 0 0 0
321 35 0 0 7 0 0 7 0 0 0 0 0 0
322 21 0 0 0 0 0 7 5 5 0 0 0 0
323 21 0 0 7 0 0 7 0 0 0 0 0 0
324 21 0 0 7 0 0 7 1 1 0 0 0 0
327 21 0 0 7 0 0 0 0 0 7 3 0 0
332 3 0 0 0 0 0 0 0 0 0 0 0 0
335 12 1 1 4 0 0 0 0 0 4 3 0 0
340 1 0 0 0 0 0 0 0 0 0 0 0 0
341 1 0 0 0 0 0 0 0 0 0 0 0 0
345 12 0 0 4 0 0 0 0 0 4 1 0 0
348 12 0 0 9 0 0 0 0 0 0 0 0 0
352 33 0 0 33 0 0 0 0 0 0 0 0 0
354 66 0 0 33 0 0 0 0 0 33 3 0 0
358 30 0 0 30 0 0 0 0 0 0 0 0 0
359 150 0 0 30 0 0 30 9 9 0 0 0 0
360 90 0 0 30 0 0 30 0 0 0 0 0 0
361 30 0 0 0 0 0 30 2 2 0 0 0 0
364 99 0 0 33 0 0 0 0 0 33 14 0 0
368 30 0 0 0 0 0 0 0 0 0 0 0 0
373 9 1 1 0 0 0 0 0 0 0 0 0 0
374 40 1 1 35 0 0 0 0 0 0 0 0 0
fn=match_symbol
76 91 1 1 0 0 0 56 0 0 0 0 0 0
77 14 0 0 14 0 0 0 0 0 0 0 0 0
85 14 1 1 7 0 0 0 0 0 7 0 0 0
91 21 0 0 7 0 0 0 0 0 7 0 0 0
106 7 0 0 7 1 0 0 0 0 0 0 0 0
107 14 0 0 0 0 0 0 0 0 7 0 0 0
109 7 0 0 7 0 0 0 0 0 0 0 0 0
114 90 0 0 45 9 9 0 0 0 45 6 0 0
128 90 1 1 45 5 5 0 0 0 45 7 0 0
130 7 1 1 7 0 0 0 0 0 0 0 0 0
133 42 0 0 7 0 0 7 0 0 7 0 0 0
140 114 0 0 38 4 4 0 0 0 38 0 0 0
144 38 0 0 0 0 0 0 0 0 0 0 0 0
168 56 0 0 49 0 0 0 0 0 0 0 0 0
fl=/build/buildd/eglibc-2.19/elf/do-rel.h
fn=_dl_relocate_object
47 20 0 0 10 0 0 0 0 0 0 0 0 0
48 10 0 0 10 0 0 0 0 0 0 0 0 0
50 4 0 0 0 0 0 0 0 0 0 0 0 0
51 4 0 0 0 0 0 4 1 0 0 0 0 0
58 30 0 0 10 0 0 0 0 0 10 5 0 0
61 220 1 1 0 0 0 0 0 0 72 10 0 0
63 204 1 1 68 26 26 0 0 0 68 15 0 0
65 61 0 0 0 0 0 0 0 0 19 6 0 0
74 8 0 0 0 0 0 0 0 0 4 2 0 0
75 79 1 1 12 0 0 0 0 0 23 15 0 0
76 38 0 0 19 0 0 0 0 0 19 0 0 0
83 12 0 0 6 0 0 6 0 0 0 0 0 0
84 6 1 1 6 0 0 0 0 0 0 0 0 0
86 12 0 0 0 0 0 0 0 0 0 0 0 0
98 18 1 1 0 0 0 0 0 0 6 2 0 0
108 11 1 1 1 1 1 0 0 0 5 3 0 0
111 3602 0 0 0 0 0 0 0 0 1201 9 0 0
112 2394 0 0 1197 0 0 0 0 0 0 0 0 0
118 18 0 0 6 5 0 0 0 0 6 1 0 0
121 10 0 0 5 3 0 5 1 0 0 0 0 0
124 347 0 0 111 0 0 0 0 0 112 15 0 0
127 428 0 0 107 29 25 0 0 0 107 0 0 0
136 321 0 0 214 43 40 0 0 0 0 0 0 0
137 614 0 0 107 0 0 107 0 0 0 0 0 0
138 200 0 0 107 1 0 0 0 0 0 0 0 0
139 214 1 1 107 0 0 0 0 0 0 0 0 0
143 8 0 0 0 0 0 0 0 0 4 3 0 0
160 23 2 2 5 0 0 4 0 0 6 4 0 0
162 20 1 1 5 2 2 0 0 0 5 0 0 0
170 25 0 0 5 0 0 5 0 0 0 0 0 0
171 10 0 0 10 0 0 0 0 0 0 0 0 0
174 5 0 0 2 0 0 0 0 0 1 1 0 0
fn=_dl_start
83 1 0 0 1 0 0 0 0 0 0 0 0 0
84 1 0 0 1 0 0 0 0 0 0 0 0 0
111 33 0 0 0 0 0 0 0 0 11 6 0 0
112 20 0 0 10 3 3 0 0 0 0 0 0 0
116 2 1 1 1 0 0 0 0 0 1 0 0 0
124 31 0 0 0 0 0 0 0 0 10 4 0 0
137 45 1 1 9 2 2 0 0 0 0 0 0 0
139 18 0 0 9 0 0 0 0 0 0 0 0 0
fl=/build/buildd/eglibc-2.19/elf/get-dynamic-info.h
fn=_dl_map_object_from_fd
38 6 0 0 0 0 0 0 0 0 3 0 0 0
42 3 0 0 0 0 0 0 0 0 0 0 0 0
44 228 0 0 76 21 21 0 0 0 76 5 0 0
46 146 0 0 0 0 0 0 0 0 73 28 0 0
51 71 1 1 0 0 0 0 0 0 17 7 0 0
52 118 0 0 0 0 0 70 17 17 0 0 0 0
53 12 0 0 0 0 0 0 0 0 3 2 0 0
55 3 0 0 0 0 0 0 0 0 0 0 0 0
56 15 1 1 0 0 0 0 0 0 3 2 0 0
58 3 0 0 0 0 0 0 0 0 0 0 0 0
59 15 1 1 0 0 0 0 0 0 3 0 0 0
60 3 0 0 0 0 0 0 0 0 0 0 0 0
61 12 0 0 0 0 0 3 1 1 0 0 0 0
62 73 0 0 0 0 0 0 0 0 0 0 0 0
69 6 0 0 0 0 0 0 0 0 3 0 0 0
89 11 0 0 5 0 0 0 0 0 3 1 0 0
90 12 1 1 6 0 0 0 0 0 3 0 0 0
91 12 0 0 6 0 0 0 0 0 3 0 0 0
92 12 0 0 6 0 0 0 0 0 3 0 0 0
94 12 0 0 6 0 0 0 0 0 3 0 0 0
99 12 1 1 6 0 0 0 0 0 3 0 0 0
100 11 0 0 5 1 1 0 0 0 3 1 0 0
101 12 0 0 6 0 0 0 0 0 3 0 0 0
107 9 0 0 3 0 0 0 0 0 3 1 0 0
112 6 1 1 3 0 0 0 0 0 3 0 0 0
119 6 0 0 3 0 0 0 0 0 3 0 0 0
120 9 0 0 6 0 0 0 0 0 3 0 0 0
136 9 0 0 3 1 1 0 0 0 3 1 0 0
141 4 0 0 2 0 0 2 0 0 0 0 0 0
143 4 0 0 0 0 0 0 0 0 2 2 0 0
145 4 0 0 0 0 0 0 0 0 2 2 0 0
147 4 0 0 0 0 0 0 0 0 2 2 0 0
150 9 1 1 3 0 0 0 0 0 3 2 0 0
152 2 0 0 1 0 0 1 0 0 0 0 0 0
160 2 0 0 1 0 0 0 0 0 1 0 0 0
161 2 1 1 0 0 0 0 0 0 0 0 0 0
165 2 0 0 0 0 0 0 0 0 1 1 0 0
168 6 0 0 3 0 0 0 0 0 3 3 0 0
fn=_dl_start
44 57 1 1 19 6 6 0 0 0 19 3 0 0
46 36 0 0 0 0 0 0 0 0 18 8 0 0
47 26 0 0 0 0 0 13 3 3 0 0 0 0
51 21 0 0 0 0 0 0 0 0 5 1 0 0
52 18 2 2 0 0 0 4 2 2 0 0 0 0
53 4 1 1 0 0 0 0 0 0 1 1 0 0
55 1 0 0 0 0 0 0 0 0 0 0 0 0
56 5 1 1 0 0 0 0 0 0 1 1 0 0
58 2 0 0 0 0 0 0 0 0 0 0 0 0
59 5 1 1 0 0 0 0 0 0 1 0 0 0
60 1 0 0 0 0 0 0 0 0 0 0 0 0
61 5 0 0 0 0 0 1 1 1 0 0 0 0
62 18 0 0 0 0 0 0 0 0 0 0 0 0
69 2 0 0 0 0 0 0 0 0 1 0 0 0
89 4 0 0 2 0 0 0 0 0 1 0 0 0
90 4 0 0 2 0 0 0 0 0 1 0 0 0
91 4 1 1 2 0 0 0 0 0 1 0 0 0
92 4 0 0 2 0 0 0 0 0 1 0 0 0
94 4 0 0 2 0 0 0 0 0 1 0 0 0
99 4 0 0 2 0 0 0 0 0 1 0 0 0
100 4 1 1 2 0 0 0 0 0 1 0 0 0
101 4 0 0 2 0 0 0 0 0 1 0 0 0
107 3 0 0 1 0 0 0 0 0 1 0 0 0
112 2 0 0 1 0 0 0 0 0 1 0 0 0
119 3 0 0 1 0 0 0 0 0 1 0 0 0
120 3 1 1 2 0 0 0 0 0 1 0 0 0
128 3 0 0 1 0 0 0 0 0 1 1 0 0
130 3 0 0 1 1 1 0 0 0 1 1 0 0
133 2 1 1 1 0 0 0 0 0 1 0 0 0
134 2 0 0 1 0 0 0 0 0 1 0 0 0
fn=dl_main
29 1 0 0 1 0 0 0 0 0 0 0 0 0
38 2 0 0 0 0 0 0 0 0 1 0 0 0
42 1 0 0 0 0 0 0 0 0 0 0 0 0
44 75 0 0 25 7 7 0 0 0 25 1 0 0
46 48 1 1 0 0 0 0 0 0 24 10 0 0
51 17 1 1 0 0 0 0 0 0 4 3 0 0
52 34 0 0 0 0 0 23 5 5 0 0 0 0
53 4 0 0 0 0 0 0 0 0 1 1 0 0
55 1 0 0 0 0 0 0 0 0 0 0 0 0
56 5 1 1 0 0 0 0 0 0 1 1 0 0
58 1 0 0 0 0 0 0 0 0 0 0 0 0
59 5 0 0 0 0 0 0 0 0 1 0 0 0
60 1 0 0 0 0 0 0 0 0 0 0 0 0
61 4 1 1 0 0 0 1 0 0 0 0 0 0
62 24 0 0 0 0 0 0 0 0 0 0 0 0
69 3 1 1 1 0 0 0 0 0 1 1 0 0
107 3 2 2 1 0 0 0 0 0 1 0 0 0
112 2 0 0 1 0 0 0 0 0 1 0 0 0
119 2 0 0 1 0 0 0 0 0 1 0 0 0
120 3 0 0 2 0 0 0 0 0 1 0 0 0
136 3 0 0 1 0 0 0 0 0 1 1 0 0
150 3 1 1 1 0 0 0 0 0 1 1 0 0
168 2 1 1 1 0 0 0 0 0 1 1 0 0
fl=/build/buildd/eglibc-2.19/elf/rtld.c
fn=_dl_initial_error_catch_tsd
798 12 0 0 6 0 0 0 0 0 0 0 0 0
fn=_dl_start
285 75 4 4 8 1 1 8 1 1 1 1 0 0
297 2 0 0 0 0 0 1 1 1 0 0 0 0
298 2 0 0 0 0 0 1 0 0 0 0 0 0
299 2 0 0 0 0 0 1 0 0 0 0 0 0
300 2 1 1 0 0 0 1 1 1 0 0 0 0
301 2 0 0 0 0 0 1 0 0 0 0 0 0
322 5 0 0 0 0 0 1 0 0 0 0 0 0
326 1 0 0 0 0 0 1 0 0 0 0 0 0
332 4 1 0 0 0 0 1 0 0 0 0 0 0
341 4 1 0 0 0 0 0 0 0 0 0 0 0
344 2 0 0 1 1 0 1 1 0 0 0 0 0
348 2 0 0 1 0 0 0 0 0 1 0 0 0
362 9 2 2 0 0 0 6 1 1 0 0 0 0
380 5 0 0 0 0 0 1 1 1 0 0 0 0
406 1 0 0 0 0 0 1 1 1 0 0 0 0
409 1 0 0 0 0 0 1 1 1 0 0 0 0
537 2 0 0 0 0 0 0 0 0 1 1 0 0
542 34 3 3 9 0 0 0 0 0 3 0 0 0
544 1 0 0 1 1 1 0 0 0 0 0 0 0
569 9 0 0 7 1 0 0 0 0 0 0 0 0
fn=dl_main
891 12 1 1 0 0 0 8 2 2 0 0 0 0
897 1 0 0 0 0 0 0 0 0 0 0 0 0
899 2 0 0 0 0 0 0 0 0 0 0 0 0
900 1 0 0 0 0 0 0 0 0 0 0 0 0
906 1 0 0 0 0 0 1 0 0 0 0 0 0
910 2 0 0 0 0 0 1 0 0 0 0 0 0
913 2 0 0 0 0 0 1 1 1 0 0 0 0
917 2 0 0 0 0 0 1 1 1 0 0 0 0
918 2 0 0 0 0 0 1 0 0 0 0 0 0
923 2 1 1 0 0 0 1 0 0 0 0 0 0
933 4 2 2 2 0 0 0 0 0 1 1 0 0
1132 8 1 1 0 0 0 1 0 0 0 0 0 0
1134 2 0 0 0 0 0 0 0 0 1 0 0 0
1135 1 0 0 0 0 0 1 1 1 0 0 0 0
1136 2 1 1 1 0 0 1 0 0 0 0 0 0
1137 3 0 0 2 0 0 1 0 0 0 0 0 0
1141 3 0 0 0 0 0 1 0 0 0 0 0 0
1142 2 0 0 1 0 0 0 0 0 1 0 0 0
1163 1 0 0 0 0 0 1 0 0 0 0 0 0
1164 1 0 0 0 0 0 1 0 0 0 0 0 0
1166 1 0 0 0 0 0 1 0 0 0 0 0 0
1168 1 1 1 1 0 0 0 0 0 0 0 0 0
1171 36 1 1 3 0 0 0 0 0 10 1 0 0
1172 71 1 1 9 5 5 0 0 0 35 13 0 0
1176 3 1 1 1 0 0 1 0 0 0 0 0 0
1177 1 0 0 0 0 0 0 0 0 0 0 0 0
1181 3 1 1 2 0 0 1 0 0 0 0 0 0
1182 1 0 0 0 0 0 0 0 0 0 0 0 0
1190 1 0 0 0 0 0 1 1 1 0 0 0 0
1191 2 1 1 2 1 1 0 0 0 0 0 0 0
1193 2 1 1 0 0 0 1 0 0 0 0 0 0
1200 3 0 0 1 0 0 0 0 0 1 1 0 0
1218 1 0 0 0 0 0 0 0 0 0 0 0 0
1226 4 0 0 2 0 0 0 0 0 0 0 0 0
1227 10 2 2 3 1 1 0 0 0 0 0 0 0
1228 4 0 0 2 0 0 0 0 0 2 1 0 0
1229 1 0 0 0 0 0 1 0 0 0 0 0 0
1232 4 0 0 2 1 1 0 0 0 0 0 0 0
1233 4 0 0 2 0 0 0 0 0 2 0 0 0
1234 2 0 0 0 0 0 2 0 0 0 0 0 0
1235 6 0 0 3 0 0 0 0 0 3 1 0 0
1236 2 0 0 0 0 0 1 0 0 0 0 0 0
1263 2 1 1 1 0 0 1 1 1 0 0 0 0
1264 1 0 0 0 0 0 0 0 0 0 0 0 0
1267 2 0 0 1 0 0 1 0 0 0 0 0 0
1268 2 0 0 1 0 0 1 0 0 0 0 0 0
1269 1 0 0 0 0 0 0 0 0 0 0 0 0
1274 3 0 0 1 1 1 0 0 0 1 1 0 0
1277 2 0 0 0 0 0 0 0 0 1 1 0 0
1279 2 0 0 0 0 0 0 0 0 1 1 0 0
1281 2 1 1 1 0 0 0 0 0 1 0 0 0
1294 3 0 0 1 0 0 0 0 0 1 0 0 0
1295 11 1 1 6 0 0 2 0 0 1 0 0 0
1300 1 0 0 0 0 0 1 0 0 0 0 0 0
1302 1 0 0 0 0 0 1 1 1 0 0 0 0
1303 1 0 0 0 0 0 1 0 0 0 0 0 0
1305 2 0 0 1 0 0 0 0 0 1 0 0 0
1306 2 1 1 0 0 0 1 0 0 0 0 0 0
1310 2 0 0 1 0 0 0 0 0 1 0 0 0
1312 2 0 0 0 0 0 0 0 0 1 0 0 0
1317 2 0 0 0 0 0 1 0 0 0 0 0 0
1320 4 1 1 0 0 0 1 0 0 1 0 0 0
1336 3 2 2 0 0 0 1 0 0 0 0 0 0
1342 9 1 1 1 0 0 2 0 0 3 1 0 0
1347 2 1 1 1 0 0 1 0 0 0 0 0 0
1350 4 1 1 1 0 0 2 0 0 0 0 0 0
1352 1 0 0 0 0 0 1 0 0 0 0 0 0
1357 2 0 0 1 0 0 0 0 0 1 0 0 0
1360 3 0 0 2 0 0 1 0 0 0 0 0 0
1361 4 1 1 1 0 0 1 0 0 0 0 0 0
1362 2 0 0 0 0 0 1 0 0 0 0 0 0
1363 1 0 0 0 0 0 1 0 0 0 0 0 0
1364 1 0 0 1 0 0 0 0 0 0 0 0 0
1365 1 0 0 1 0 0 0 0 0 0 0 0 0
1370 2 0 0 1 0 0 0 0 0 1 0 0 0
1371 5 0 0 1 0 0 1 0 0 0 0 0 0
1375 1 1 1 1 0 0 0 0 0 0 0 0 0
1377 4 0 0 1 0 0 0 0 0 0 0 0 0
1378 2 0 0 0 0 0 1 0 0 0 0 0 0
1379 4 0 0 1 1 1 1 0 0 0 0 0 0
1384 2 0 0 0 0 0 0 0 0 1 0 0 0
1385 6 1 1 1 1 1 0 0 0 1 0 0 0
1387 2 0 0 1 0 0 1 1 1 0 0 0 0
1388 2 0 0 1 0 0 1 0 0 0 0 0 0
1393 2 0 0 1 1 1 0 0 0 1 1 0 0
1398 3 1 1 1 0 0 0 0 0 1 0 0 0
1579 3 0 0 1 0 0 0 0 0 1 0 0 0
1582 2 0 0 1 0 0 1 0 0 0 0 0 0
1586 3 0 0 1 0 0 0 0 0 1 1 0 0
1591 2 1 1 1 0 0 1 0 0 0 0 0 0
1592 1 0 0 0 0 0 1 0 0 0 0 0 0
1597 3 0 0 1 0 0 0 0 0 1 0 0 0
1612 3 0 0 2 0 0 0 0 0 1 0 0 0
1614 1 0 0 0 0 0 0 0 0 0 0 0 0
1616 3 1 1 1 0 0 0 0 0 1 1 0 0
1623 11 2 2 0 0 0 3 0 0 0 0 0 0
1626 6 0 0 0 0 0 0 0 0 0 0 0 0
1629 12 1 1 0 0 0 2 0 0 2 1 0 0
1630 2 0 0 1 0 0 0 0 0 1 0 0 0
1631 3 0 0 1 0 0 0 0 0 1 0 0 0
1633 6 0 0 0 0 0 1 0 0 0 0 0 0
1635 4 0 0 0 0 0 0 0 0 0 0 0 0
1636 2 0 0 1 0 0 0 0 0 0 0 0 0
1637 3 0 0 0 0 0 1 0 0 0 0 0 0
1647 5 0 0 0 0 0 1 0 0 1 0 0 0
1724 4 0 0 2 0 0 0 0 0 1 1 0 0
1728 8 2 2 0 0 0 0 0 0 0 0 0 0
1729 1 0 0 0 0 0 0 0 0 0 0 0 0
1732 2 0 0 0 0 0 1 0 0 0 0 0 0
1733 1 0 0 1 0 0 0 0 0 0 0 0 0
1734 2 0 0 0 0 0 0 0 0 1 1 0 0
1735 2 0 0 0 0 0 0 0 0 1 1 0 0
1741 5 1 1 0 0 0 0 0 0 0 0 0 0
1742 8 0 0 0 0 0 1 0 0 0 0 0 0
1743 4 0 0 0 0 0 0 0 0 0 0 0 0
1745 2 0 0 1 0 0 0 0 0 0 0 0 0
1748 15 1 1 2 0 0 0 0 0 6 5 0 0
1749 20 0 0 10 0 0 0 0 0 0 0 0 0
1752 3 0 0 2 0 0 1 0 0 0 0 0 0
1753 3 0 0 1 0 0 0 0 0 1 0 0 0
1754 1 0 0 0 0 0 1 0 0 0 0 0 0
1756 16 1 1 0 0 0 0 0 0 4 3 0 0
1757 11 0 0 5 0 0 0 0 0 4 1 0 0
1767 2 1 1 0 0 0 1 0 0 0 0 0 0
1769 2 1 1 1 0 0 1 0 0 0 0 0 0
1770 2 1 1 1 0 0 0 0 0 1 0 0 0
1772 3 0 0 0 0 0 1 0 0 0 0 0 0
1774 3 0 0 0 0 0 0 0 0 1 1 0 0
1776 3 0 0 1 0 0 0 0 0 1 1 0 0
1777 1 0 0 1 0 0 0 0 0 0 0 0 0
1788 3 1 1 0 0 0 0 0 0 0 0 0 0
1790 2 1 1 0 0 0 0 0 0 1 0 0 0
1791 2 0 0 0 0 0 1 0 0 0 0 0 0
1792 3 0 0 1 0 0 0 0 0 1 1 0 0
1803 4 0 0 0 0 0 1 0 0 0 0 0 0
1804 1 0 0 0 0 0 1 0 0 0 0 0 0
1805 5 1 1 0 0 0 1 0 0 0 0 0 0
1815 2 0 0 1 0 0 1 0 0 0 0 0 0
1816 2 0 0 1 0 0 0 0 0 1 0 0 0
1817 2 1 1 0 0 0 2 0 0 0 0 0 0
1819 2 0 0 1 0 0 0 0 0 1 0 0 0
1822 1 0 0 0 0 0 1 0 0 0 0 0 0
1824 2 0 0 1 0 0 0 0 0 1 0 0 0
2054 3 0 0 1 0 0 0 0 0 1 1 0 0
2110 2 2 2 0 0 0 1 0 0 0 0 0 0
2114 4 0 0 2 0 0 2 0 0 0 0 0 0
2118 2 0 0 1 0 0 1 0 0 0 0 0 0
2121 2 0 0 0 0 0 0 0 0 1 0 0 0
2129 2 0 0 0 0 0 0 0 0 1 1 0 0
2140 1 1 1 1 0 0 0 0 0 0 0 0 0
2175 3 1 1 1 0 0 0 0 0 0 0 0 0
2182 1 0 0 1 0 0 0 0 0 0 0 0 0
2184 11 1 1 1 0 0 1 0 0 0 0 0 0
2186 15 1 1 1 1 0 0 0 0 6 6 0 0
2188 15 0 0 10 0 0 0 0 0 0 0 0 0
2193 10 0 0 10 0 0 0 0 0 0 0 0 0
2195 12 1 1 0 0 0 0 0 0 6 2 0 0
2197 1 1 1 0 0 0 1 0 0 0 0 0 0
2198 1 0 0 1 0 0 0 0 0 0 0 0 0
2201 5 0 0 5 0 0 0 0 0 0 0 0 0
2203 15 0 0 0 0 0 0 0 0 5 1 0 0
2204 32 0 0 8 3 0 4 0 0 0 0 0 0
2208 17 0 0 6 1 0 0 0 0 6 4 0 0
2209 3 0 0 0 0 0 1 0 0 0 0 0 0
2211 4 0 0 0 0 0 0 0 0 0 0 0 0
2213 2 0 0 0 0 0 1 0 0 0 0 0 0
2219 2 0 0 1 0 0 0 0 0 1 1 0 0
2224 4 1 1 2 0 0 0 0 0 2 0 0 0
2225 1 0 0 1 0 0 0 0 0 0 0 0 0
2230 2 1 1 1 0 0 1 0 0 0 0 0 0
2234 2 0 0 1 0 0 0 0 0 1 1 0 0
2248 3 0 0 2 1 0 0 0 0 1 0 0 0
2250 4 2 2 1 0 0 0 0 0 2 1 0 0
2265 5 1 1 0 0 0 0 0 0 0 0 0 0
2267 1 0 0 1 0 0 0 0 0 0 0 0 0
2268 5 0 0 1 0 0 1 0 0 0 0 0 0
2269 4 0 0 0 0 0 0 0 0 0 0 0 0
2271 3 0 0 1 0 0 0 0 0 0 0 0 0
2279 1 0 0 0 0 0 1 0 0 0 0 0 0
2283 3 0 0 1 0 0 0 0 0 1 0 0 0
2303 3 0 0 0 0 0 1 0 0 0 0 0 0
2304 1 0 0 0 0 0 1 0 0 0 0 0 0
2305 1 0 0 0 0 0 1 0 0 0 0 0 0
2310 1 0 0 0 0 0 1 0 0 0 0 0 0
2315 8 0 0 7 2 0 0 0 0 0 0 0 0
2485 2 0 0 1 0 0 1 1 1 0 0 0 0
2487 1 0 0 0 0 0 0 0 0 0 0 0 0
2488 1 0 0 0 0 0 0 0 0 0 0 0 0
2492 13 2 2 1 0 0 4 0 0 0 0 0 0
2494 15 0 0 3 0 0 3 1 1 3 1 0 0
2498 105 1 1 21 0 0 0 0 0 40 10 0 0
2499 19 0 0 0 0 0 0 0 0 0 0 0 0
2501 4 0 0 0 0 0 0 0 0 2 0 0 0
2507 16 0 0 2 0 0 0 0 0 2 0 2 2
2530 6 1 1 0 0 0 1 0 0 1 1 0 0
2537 6 1 1 0 0 0 1 0 0 1 0 0 0
2539 3 1 1 0 0 0 1 0 0 0 0 0 0
2583 6 1 1 0 0 0 1 0 0 1 0 0 0
2585 3 1 1 0 0 0 1 0 0 0 0 0 0
2660 3 1 1 1 0 0 0 0 0 1 0 0 0
2693 3 0 0 1 0 0 0 0 0 1 1 0 0
fn=do_preload
804 6 0 0 0 0 0 3 0 0 0 0 0 0
806 1 0 0 0 0 0 1 0 0 0 0 0 0
810 1 0 0 0 0 0 1 0 0 0 0 0 0
811 1 1 1 0 0 0 1 0 0 0 0 0 0
812 1 0 0 0 0 0 1 0 0 0 0 0 0
814 1 0 0 1 0 0 0 0 0 0 0 0 0
816 6 0 0 0 0 0 1 0 0 0 0 0 0
817 3 0 0 1 0 0 0 0 0 1 1 0 0
825 3 1 1 1 0 0 0 0 0 0 0 0 0
831 5 0 0 4 0 0 0 0 0 0 0 0 0
fn=init_tls
717 1 0 0 0 0 0 1 0 0 0 0 0 0
719 2 0 0 1 0 0 1 0 0 0 0 0 0
723 2 0 0 1 0 0 0 0 0 1 0 0 0
724 1 1 1 0 0 0 0 0 0 0 0 0 0
729 2 0 0 0 0 0 1 0 0 0 0 0 0
732 1 0 0 0 0 0 1 0 0 0 0 0 0
733 4 0 0 0 0 0 1 0 0 0 0 0 0
738 1 0 0 0 0 0 0 0 0 0 0 0 0
740 1 0 0 0 0 0 1 0 0 0 0 0 0
744 2 1 1 1 1 1 0 0 0 1 1 0 0
745 1 0 0 0 0 0 0 0 0 0 0 0 0
746 13 1 1 1 0 0 0 0 0 6 1 0 0
747 10 0 0 5 0 0 0 0 0 0 0 0 0
748 10 0 0 5 0 0 0 0 0 5 4 0 0
752 3 0 0 0 0 0 1 0 0 0 0 0 0
754 1 0 0 0 0 0 0 0 0 0 0 0 0
756 3 0 0 0 0 0 0 0 0 1 1 0 0
759 1 1 1 0 0 0 1 0 0 0 0 0 0
766 2 0 0 0 0 0 1 0 0 0 0 0 0
767 2 0 0 0 0 0 0 0 0 1 1 0 0
773 2 1 1 1 0 0 1 0 0 0 0 0 0
781 7 0 0 0 0 0 2 0 0 1 1 0 0
785 1 1 1 0 0 0 1 0 0 0 0 0 0
787 1 0 0 0 0 0 0 0 0 0 0 0 0
788 2 0 0 2 0 0 0 0 0 0 0 0 0
fn=map_doit
625 2 1 1 0 0 0 1 0 0 0 0 0 0
627 8 1 1 3 0 0 2 0 0 0 0 0 0
629 2 0 0 2 0 0 0 0 0 0 0 0 0
fn=rtld_lock_default_lock_recursive
838 10 1 1 10 1 1 0 0 0 0 0 0 0
fn=rtld_lock_default_unlock_recursive
844 10 2 1 10 0 0 0 0 0 0 0 0 0
fn=security_init
851 2 0 0 0 0 0 1 0 0 0 0 0 0
853 1 0 0 1 0 0 0 0 0 0 0 0 0
855 1 0 0 0 0 0 1 0 0 0 0 0 0
861 2 0 0 1 0 0 0 0 0 1 0 0 0
863 1 0 0 1 0 0 0 0 0 0 0 0 0
866 1 1 1 0 0 0 1 0 0 0 0 0 0
868 1 0 0 0 0 0 1 0 0 0 0 0 0
874 1 0 0 0 0 0 1 0 0 0 0 0 0
875 3 0 0 2 0 0 0 0 0 0 0 0 0
fn=version_check_doit
657 2 1 1 0 0 0 1 0 0 0 0 0 0
659 6 0 0 2 0 0 1 0 0 1 1 0 0
663 2 0 0 2 0 0 0 0 0 0 0 0 0
fl=/build/buildd/eglibc-2.19/elf/setup-vdso.h
fn=dl_main
24 2 0 0 1 0 0 0 0 0 1 1 0 0
fl=/build/buildd/eglibc-2.19/io/../sysdeps/unix/syscall-template.S
fn=__write_nocancel
81 5 0 0 1 0 0 0 0 0 1 0 0 0
fn=access
81 20 2 2 0 0 0 0 0 0 5 4 0 0
83 25 1 1 6 0 0 5 1 1 0 0 0 0
fn=close
81 16 1 1 0 0 0 0 0 0 4 0 0 0
82 4 0 0 4 0 0 0 0 0 0 0 0 0
fn=open
81 176 1 1 0 0 0 0 0 0 44 3 0 0
82 4 0 0 4 0 0 0 0 0 0 0 0 0
83 200 0 0 40 0 0 40 0 0 0 0 0 0
fn=read
81 12 0 0 0 0 0 0 0 0 3 0 0 0
82 3 0 0 3 0 0 0 0 0 0 0 0 0
fn=write
81 2 1 1 1 0 0 0 0 0 1 0 0 0
fl=/build/buildd/eglibc-2.19/io/../sysdeps/unix/sysv/linux/wordsize-64/fxstat.c
fn=_fxstat
33 5 0 0 0 0 0 0 0 0 0 0 0 0
34 10 2 2 0 0 0 0 0 0 5 0 0 0
35 30 0 0 0 0 0 0 0 0 5 0 0 0
39 5 0 0 5 0 0 0 0 0 0 0 0 0
fl=/build/buildd/eglibc-2.19/io/../sysdeps/unix/sysv/linux/wordsize-64/xstat.c
fn=_xstat
33 32 0 0 0 0 0 0 0 0 0 0 0 0
34 64 1 1 0 0 0 0 0 0 32 0 0 0
35 288 0 0 24 0 0 24 0 0 32 10 0 0
39 8 0 0 8 0 0 0 0 0 0 0 0 0
fl=/build/buildd/eglibc-2.19/libio/../sysdeps/unix/sysv/linux/sys/sysmacros.h
fn=_IO_file_doallocate
41 6 0 0 0 0 0 0 0 0 0 0 0 0
fl=/build/buildd/eglibc-2.19/libio/filedoalloc.c
fn=_IO_file_doallocate
96 5 1 1 0 0 0 3 0 0 0 0 0 0
111 8 1 1 3 1 0 1 1 0 2 0 1 1
113 4 0 0 1 1 0 0 0 0 1 1 0 0
116 2 0 0 0 0 0 0 0 0 1 0 0 0
118 2 2 2 1 0 0 0 0 0 0 0 0 0
121 1 0 0 1 0 0 0 0 0 0 0 0 0
124 6 1 1 1 0 0 0 0 0 1 1 0 0
128 8 0 0 0 0 0 1 0 0 1 0 0 0
129 5 0 0 0 0 0 1 0 0 0 0 0 0
130 1 0 0 0 0 0 0 0 0 0 0 0 0
131 5 0 0 4 0 0 0 0 0 0 0 0 0
fl=/build/buildd/eglibc-2.19/libio/fileops.c
fn=_IO_do_write@@GLIBC_2.2.5
509 12 1 1 0 0 0 8 0 0 0 0 0 0
511 10 0 0 0 0 0 0 0 0 2 1 0 0
512 12 0 0 10 0 0 0 0 0 0 0 0 0
523 4 1 1 1 0 0 0 0 0 1 0 0 0
530 4 0 0 2 0 0 0 0 0 1 1 0 0
538 6 1 1 2 0 0 1 0 0 0 0 1 1
539 3 0 0 1 0 0 0 0 0 1 1 0 0
541 4 1 1 1 0 0 3 0 0 0 0 0 0
542 2 0 0 0 0 0 2 0 0 0 0 0 0
543 1 0 0 0 0 0 1 0 0 0 0 0 0
544 2 1 1 1 0 0 0 0 0 1 1 0 0
545 3 0 0 1 0 0 0 0 0 1 0 0 0
fn=_IO_file_overflow@@GLIBC_2.2.5
824 152 1 1 0 0 0 114 0 0 0 0 0 0
825 114 0 0 38 0 0 0 0 0 38 0 0 0
832 262 0 0 74 0 0 0 0 0 75 1 0 0
835 2 1 1 1 0 0 0 0 0 1 1 0 0
837 2 1 1 0 0 0 1 1 0 0 0 0 0
838 6 0 0 2 0 0 3 0 0 0 0 0 0
847 2 1 1 0 0 0 0 0 0 1 0 0 0
856 4 0 0 2 0 0 0 0 0 1 0 0 0
858 1 0 0 0 0 0 1 0 0 0 0 0 0
859 2 0 0 0 0 0 1 0 0 0 0 0 0
860 1 0 0 0 0 0 1 0 0 0 0 0 0
861 2 0 0 0 0 0 2 0 0 0 0 0 0
863 3 1 1 0 0 0 1 0 0 0 0 0 0
864 5 0 0 1 0 0 0 0 0 2 0 0 0
865 2 0 0 0 0 0 1 0 0 0 0 0 0
867 76 0 0 0 0 0 0 0 0 38 2 0 0
868 4 1 1 0 0 0 0 0 0 0 0 0 0
869 2 0 0 0 0 0 0 0 0 0 0 0 0
870 72 0 0 36 0 0 0 0 0 36 0 0 0
873 108 0 0 0 0 0 72 1 0 0 0 0 0
874 108 0 0 36 0 0 0 0 0 36 0 0 0
875 144 0 0 0 0 0 0 0 0 72 3 0 0
879 36 0 0 0 0 0 0 0 0 0 0 0 0
880 150 0 0 150 0 0 0 0 0 0 0 0 0
fn=_IO_file_setbuf@@GLIBC_2.2.5
461 2 1 1 0 0 0 1 0 0 0 0 0 0
462 3 0 0 0 0 0 1 0 0 1 0 0 0
465 2 0 0 0 0 0 2 0 0 0 0 0 0
466 2 0 0 1 0 0 1 0 0 0 0 0 0
467 3 0 0 0 0 0 3 0 0 0 0 0 0
469 1 0 0 0 0 0 0 0 0 0 0 0 0
470 2 0 0 2 0 0 0 0 0 0 0 0 0
fn=_IO_file_stat
1222 1 1 1 0 0 0 0 0 0 0 0 0 0
1223 3 0 0 1 0 0 0 0 0 0 0 0 0
fn=_IO_file_sync@@GLIBC_2.2.5
886 2 1 1 0 0 0 1 0 0 0 0 0 0
891 4 0 0 2 0 0 0 0 0 1 1 0 0
893 1 1 1 1 0 0 0 0 0 0 0 0 0
894 2 0 0 1 0 0 0 0 0 1 0 0 0
911 2 0 0 0 0 0 1 0 0 0 0 0 0
915 2 0 0 2 0 0 0 0 0 0 0 0 0
fn=_IO_file_write@@GLIBC_2.2.5
1254 7 1 1 0 0 0 4 0 0 0 0 0 0
1256 7 0 0 0 0 0 0 0 0 2 1 0 0
1260 3 0 0 1 0 0 0 0 0 0 0 0 0
1261 3 1 1 1 0 0 1 1 0 1 0 0 0
1262 2 0 0 0 0 0 0 0 0 1 1 0 0
1267 1 0 0 0 0 0 0 0 0 0 0 0 0
1268 1 0 0 0 0 0 0 0 0 0 0 0 0
1271 3 0 0 1 0 0 0 0 0 1 1 0 0
1274 9 1 1 5 0 0 0 0 0 0 0 0 0
fn=_IO_file_xsputn@@GLIBC_2.2.5
1281 24 2 2 0 0 0 18 1 0 0 0 0 0
1287 6 0 0 0 0 0 0 0 0 3 0 0 0
1288 3 0 0 0 0 0 0 0 0 0 0 0 0
1294 18 0 0 3 0 0 0 0 0 3 2 0 0
1296 6 0 0 4 0 0 0 0 0 0 0 0 0
1297 4 0 0 0 0 0 0 0 0 2 0 0 0
1300 28 1 1 0 0 0 0 0 0 12 7 0 0
1302 34 0 0 11 0 0 0 0 0 11 1 0 0
1304 4 1 1 0 0 0 0 0 0 0 0 0 0
1311 6 1 1 2 0 0 0 0 0 1 1 0 0
1315 5 0 0 0 0 0 0 0 0 1 0 0 0
1320 10 0 0 0 0 0 4 0 0 0 0 0 0
1325 2 0 0 0 0 0 0 0 0 0 0 0 0
1326 6 0 0 0 0 0 0 0 0 0 0 0 0
1328 9 0 0 0 0 0 0 0 0 3 1 0 0
1332 12 0 0 4 1 0 2 0 0 2 0 2 1
1338 4 0 0 4 0 0 0 0 0 0 0 0 0
1339 12 1 1 0 0 0 0 0 0 2 0 0 0
1341 6 0 0 0 0 0 0 0 0 2 0 0 0
1352 4 0 0 0 0 0 0 0 0 2 1 0 0
1353 6 0 0 0 0 0 1 0 0 0 0 0 0
1355 6 1 1 0 0 0 0 0 0 0 0 0 0
1356 24 0 0 21 0 0 0 0 0 0 0 0 0
fl=/build/buildd/eglibc-2.19/libio/genops.c
fn=_IO_cleanup
950 13 2 2 4 0 0 0 0 0 4 2 0 0
952 9 0 0 3 0 0 0 0 0 3 1 0 0
953 4 0 0 0 0 0 0 0 0 2 1 0 0
954 2 0 0 0 0 0 0 0 0 0 0 0 0
956 4 0 0 1 0 0 0 0 0 1 0 0 0
962 17 1 1 7 0 0 2 0 0 4 1 0 0
970 5 0 0 2 0 0 0 0 0 2 1 0 0
972 2 0 0 0 0 0 1 0 0 0 0 0 0
974 2 0 0 1 0 0 1 0 0 0 0 0 0
975 1 1 1 0 0 0 1 0 0 0 0 0 0
976 2 0 0 1 0 0 1 0 0 0 0 0 0
977 4 0 0 1 0 0 1 0 0 0 0 0 0
980 5 0 0 2 0 0 1 0 0 0 0 1 1
983 5 0 0 1 0 0 0 0 0 2 1 0 0
984 8 1 1 3 0 0 1 0 0 3 1 0 0
990 3 1 1 0 0 0 3 0 0 0 0 0 0
1010 5 1 1 0 0 0 4 0 0 0 0 0 0
1013 3 0 0 0 0 0 1 0 0 0 0 0 0
1025 7 0 0 5 0 0 0 0 0 0 0 0 0
fn=_IO_default_setbuf
400 5 0 0 1 0 0 0 0 0 2 1 0 0
402 1 0 0 0 0 0 1 0 0 0 0 0 0
403 1 0 0 0 0 0 1 0 0 0 0 0 0
407 2 1 1 0 0 0 1 0 0 0 0 0 0
557 6 1 1 0 0 0 3 0 0 0 0 0 0
558 4 1 1 2 0 0 1 0 0 1 0 1 1
560 2 0 0 0 0 0 0 0 0 1 1 0 0
562 2 0 0 0 0 0 1 0 0 0 0 0 0
563 2 0 0 0 0 0 0 0 0 0 0 0 0
567 2 0 0 1 0 0 0 0 0 0 0 0 0
570 3 0 0 0 0 0 3 0 0 0 0 0 0
571 3 0 0 0 0 0 3 0 0 0 0 0 0
572 1 0 0 0 0 0 0 0 0 0 0 0 0
573 4 1 1 4 0 0 0 0 0 0 0 0 0
fn=_IO_default_xsputn
447 6 1 1 0 0 0 5 0 0 0 0 0 0
450 6 0 0 0 0 0 0 0 0 1 0 0 0
451 1 0 0 0 0 0 0 0 0 0 0 0 0
455 148 1 1 74 0 0 0 0 0 37 2 0 0
480 362 1 1 108 0 0 36 0 0 73 1 36 1
482 36 0 0 0 0 0 0 0 0 0 0 0 0
484 2 1 1 0 0 0 0 0 0 0 0 0 0
485 6 0 0 6 0 0 0 0 0 0 0 0 0
fn=_IO_doallocbuf
414 4 1 1 0 0 0 3 0 0 0 0 0 0
415 2 0 0 1 0 0 0 0 0 1 1 0 0
417 3 1 1 1 0 0 0 0 0 1 1 0 0
418 5 0 0 2 1 0 1 0 0 1 0 1 1
421 4 0 0 4 0 0 0 0 0 0 0 0 0
fn=_IO_flush_all_lockp
822 8 1 1 0 0 0 6 0 0 0 0 0 0
823 1 0 0 0 0 0 0 0 0 0 0 0 0
828 3 0 0 0 0 0 0 0 0 1 1 0 0
833 1 0 0 1 1 1 0 0 0 0 0 0 0
834 1 1 1 1 0 0 0 0 0 0 0 0 0
835 8 0 0 0 0 0 0 0 0 4 2 0 0
837 3 0 0 0 0 0 3 0 0 0 0 0 0
838 6 1 1 0 0 0 0 0 0 3 3 0 0
839 2 0 0 1 0 0 0 0 0 0 0 0 0
841 21 2 2 9 4 2 0 0 0 6 3 0 0
851 6 1 1 0 0 0 0 0 0 3 3 0 0
853 3 1 1 0 0 0 3 0 0 0 0 0 0
855 9 1 1 3 0 0 0 0 0 3 0 0 0
862 3 0 0 3 2 1 0 0 0 0 0 0 0
866 2 0 0 0 0 0 0 0 0 1 1 0 0
868 2 0 0 0 0 0 0 0 0 1 1 0 0
872 9 0 0 7 0 0 0 0 0 0 0 0 0
fn=_IO_setb
399 5 1 1 0 0 0 2 0 0 0 0 0 0
400 4 0 0 2 0 0 0 0 0 1 1 0 0
402 1 0 0 0 0 0 1 0 0 0 0 0 0
403 1 0 0 0 0 0 1 0 0 0 0 0 0
405 6 0 0 0 0 0 1 0 0 0 0 0 0
408 4 0 0 3 0 0 0 0 0 0 0 0 0
fl=/build/buildd/eglibc-2.19/math/../sysdeps/x86_64/fpu/multiarch/e_asin.c
fn=__acos_finite
10 7 1 1 2 0 0 1 0 0 1 0 0 0
fn=__asin_finite
14 7 1 1 2 0 0 1 0 0 1 0 0 0
fl=/build/buildd/eglibc-2.19/math/../sysdeps/x86_64/fpu/multiarch/e_atan2.c
fn=__atan2_finite
15 1 1 1 0 0 0 0 0 0 0 0 0 0
fl=/build/buildd/eglibc-2.19/math/../sysdeps/x86_64/fpu/multiarch/e_exp.c
fn=__exp_finite
15 10 2 2 2 0 0 1 0 0 2 1 0 0
fl=/build/buildd/eglibc-2.19/math/../sysdeps/x86_64/fpu/multiarch/e_log.c
fn=__log_finite
15 1 1 1 0 0 0 0 0 0 0 0 0 0
fl=/build/buildd/eglibc-2.19/math/../sysdeps/x86_64/fpu/multiarch/e_pow.c
fn=__pow_finite
8 7 1 1 2 0 0 1 0 0 1 0 0 0
fl=/build/buildd/eglibc-2.19/math/../sysdeps/x86_64/fpu/multiarch/s_ceil.S
fn=ceil
25 1 1 1 0 0 0 1 0 0 0 0 0 0
26 1 0 0 0 0 0 0 0 0 0 0 0 0
27 1 0 0 0 0 0 0 0 0 0 0 0 0
28 1 1 1 1 0 0 0 0 0 0 0 0 0
29 1 0 0 0 0 0 0 0 0 1 1 0 0
31 1 0 0 1 0 0 0 0 0 0 0 0 0
fl=/build/buildd/eglibc-2.19/math/../sysdeps/x86_64/fpu/multiarch/s_ceilf.S
fn=ceilf
25 1 1 1 0 0 0 1 0 0 0 0 0 0
26 1 0 0 0 0 0 0 0 0 0 0 0 0
27 1 0 0 0 0 0 0 0 0 0 0 0 0
28 1 1 1 1 0 0 0 0 0 0 0 0 0
29 1 0 0 0 0 0 0 0 0 1 1 0 0
31 1 0 0 1 0 0 0 0 0 0 0 0 0
fl=/build/buildd/eglibc-2.19/math/../sysdeps/x86_64/fpu/multiarch/s_floor.S
fn=floor
25 1 1 1 0 0 0 1 0 0 0 0 0 0
26 1 0 0 0 0 0 0 0 0 0 0 0 0
27 1 0 0 0 0 0 0 0 0 0 0 0 0
28 1 0 0 1 0 0 0 0 0 0 0 0 0
29 1 0 0 0 0 0 0 0 0 1 1 0 0
31 1 0 0 1 0 0 0 0 0 0 0 0 0
fl=/build/buildd/eglibc-2.19/math/../sysdeps/x86_64/fpu/multiarch/s_floorf.S
fn=floorf
25 1 1 1 0 0 0 1 0 0 0 0 0 0
26 1 0 0 0 0 0 0 0 0 0 0 0 0
27 1 0 0 0 0 0 0 0 0 0 0 0 0
28 1 0 0 1 0 0 0 0 0 0 0 0 0
29 1 0 0 0 0 0 0 0 0 1 1 0 0
31 1 0 0 1 0 0 0 0 0 0 0 0 0
fl=/build/buildd/eglibc-2.19/math/../sysdeps/x86_64/fpu/multiarch/s_rint.S
fn=rint
25 1 1 1 0 0 0 1 0 0 0 0 0 0
26 1 0 0 0 0 0 0 0 0 0 0 0 0
27 1 0 0 0 0 0 0 0 0 0 0 0 0
28 1 0 0 1 0 0 0 0 0 0 0 0 0
29 1 0 0 0 0 0 0 0 0 1 1 0 0
31 1 0 0 1 0 0 0 0 0 0 0 0 0
fl=/build/buildd/eglibc-2.19/math/../sysdeps/x86_64/fpu/multiarch/s_rintf.S
fn=rintf
25 1 1 1 0 0 0 1 0 0 0 0 0 0
26 1 0 0 0 0 0 0 0 0 0 0 0 0
27 1 0 0 0 0 0 0 0 0 0 0 0 0
28 1 0 0 1 0 0 0 0 0 0 0 0 0
29 1 0 0 0 0 0 0 0 0 1 1 0 0
31 1 0 0 1 0 0 0 0 0 0 0 0 0
fl=/build/buildd/eglibc-2.19/math/../sysdeps/x86_64/fpu/multiarch/s_sin.c
fn=cos
20 10 2 2 2 0 0 1 0 0 2 1 0 0
fn=sin
24 1 1 1 0 0 0 0 0 0 0 0 0 0
fl=/build/buildd/eglibc-2.19/misc/../sysdeps/unix/syscall-template.S
fn=mmap
81 65 2 2 0 0 0 0 0 0 13 0 0 0
82 13 0 0 13 0 0 0 0 0 0 0 0 0
fn=mprotect
81 32 1 1 0 0 0 0 0 0 8 0 0 0
82 8 0 0 8 0 0 0 0 0 0 0 0 0
fn=munmap
81 4 0 0 0 0 0 0 0 0 1 0 0 0
82 1 0 0 1 0 0 0 0 0 0 0 0 0
fl=/build/buildd/eglibc-2.19/misc/init-misc.c
fn=__init_misc
30 4 1 1 0 0 0 2 0 0 0 0 0 0
31 5 0 0 1 0 0 0 0 0 2 1 0 0
33 3 0 0 0 0 0 1 0 0 0 0 0 0
37 5 0 0 1 1 0 1 1 0 0 0 0 0
38 3 1 1 2 0 0 1 0 0 0 0 0 0
40 4 0 0 3 0 0 0 0 0 0 0 0 0
fl=/build/buildd/eglibc-2.19/nptl/../nptl/sysdeps/unix/sysv/linux/unregister-atfork.c
fn=__unregister_atfork
28 4 0 0 0 0 0 2 0 0 0 0 0 0
36 2 1 1 2 1 1 0 0 0 0 0 0 0
39 4 0 0 0 0 0 0 0 0 2 2 0 0
121 4 1 1 4 0 0 0 0 0 0 0 0 0
fl=/build/buildd/eglibc-2.19/posix/../sysdeps/unix/syscall-template.S
fn=uname
81 4 1 1 0 0 0 0 0 0 1 0 0 0
82 1 0 0 1 0 0 0 0 0 0 0 0 0
fl=/build/buildd/eglibc-2.19/posix/../sysdeps/unix/sysv/linux/_exit.c
fn=_Exit
28 2 1 1 1 0 0 0 0 0 0 0 0 0
32 4 1 1 0 0 0 0 0 0 0 0 0 0
34 2 0 0 0 0 0 0 0 0 0 0 0 0
fl=/build/buildd/eglibc-2.19/posix/getopt.c
fn=_getopt_internal
1169 4 1 1 0 0 0 2 0 0 0 0 0 0
1172 6 0 0 4 0 0 2 1 1 0 0 0 0
1173 6 0 0 4 0 0 2 0 0 0 0 0 0
1175 10 0 0 2 0 0 6 0 0 0 0 0 0
1179 4 1 1 2 0 0 2 0 0 0 0 0 0
1180 6 0 0 4 0 0 2 0 0 0 0 0 0
1181 6 0 0 4 1 0 2 0 0 0 0 0 0
1184 6 0 0 4 0 0 0 0 0 0 0 0 0
fn=_getopt_internal_r
278 2 0 0 0 0 0 2 1 1 0 0 0 0
280 1 0 0 0 0 0 1 0 0 0 0 0 0
282 7 1 1 1 0 0 2 0 0 0 0 0 0
286 4 0 0 2 1 1 0 0 0 1 0 0 0
291 2 0 0 0 0 0 0 0 0 1 0 0 0
297 5 0 0 1 0 0 1 0 0 0 0 0 0
394 30 1 1 2 0 0 22 0 0 0 0 0 0
395 4 1 1 2 0 0 2 0 0 0 0 0 0
397 4 0 0 0 0 0 0 0 0 2 0 0 0
400 2 0 0 0 0 0 2 0 0 0 0 0 0
402 12 1 1 4 0 0 0 0 0 4 3 0 0
408 2 1 1 1 0 0 1 0 0 0 0 0 0
410 6 0 0 2 0 0 0 0 0 2 0 0 0
413 8 0 0 2 0 0 2 0 0 0 0 0 0
427 6 0 0 2 0 0 0 0 0 2 2 0 0
433 6 1 1 4 0 0 0 0 0 2 2 0 0
435 6 0 0 2 0 0 0 0 0 2 2 0 0
438 4 0 0 2 0 0 0 0 0 2 2 0 0
443 6 1 1 2 0 0 0 0 0 2 2 0 0
446 4 1 1 0 0 0 0 0 0 2 1 0 0
447 2 0 0 0 0 0 1 0 0 0 0 0 0
452 37 1 1 13 0 0 0 0 0 12 6 0 0
453 12 0 0 0 0 0 4 0 0 0 0 0 0
454 2 0 0 0 0 0 2 0 0 0 0 0 0
462 14 1 1 6 0 0 0 0 0 4 2 0 0
483 2 0 0 0 0 0 0 0 0 1 0 0 0
484 1 0 0 0 0 0 1 0 0 0 0 0 0
485 1 0 0 0 0 0 0 0 0 0 0 0 0
491 3 1 1 1 0 0 0 0 0 1 0 0 0
502 3 0 0 0 0 0 2 0 0 0 0 0 0
503 7 0 0 1 0 0 0 0 0 1 0 0 0
521 2 0 0 1 0 0 0 0 0 1 0 0 0
522 13 1 1 4 0 0 4 0 0 1 1 0 0
523 3 1 1 1 0 0 0 0 0 1 1 0 0
826 4 0 0 2 0 0 1 0 0 0 0 0 0
827 4 0 0 1 0 0 1 0 0 0 0 0 0
830 3 1 1 2 0 0 0 0 0 1 0 0 0
831 1 0 0 1 0 0 0 0 0 0 0 0 0
833 5 1 1 0 0 0 0 0 0 2 1 0 0
870 3 0 0 2 0 0 0 0 0 1 0 0 0
1095 2 0 0 0 0 0 0 0 0 1 1 0 0
1097 2 1 1 1 0 0 0 0 0 1 0 0 0
1100 1 0 0 1 0 0 0 0 0 0 0 0 0
1112 2 0 0 1 0 0 0 0 0 1 1 0 0
1119 3 1 1 1 0 0 0 0 0 1 0 0 0
1157 7 1 1 2 0 0 2 0 0 0 0 0 0
1158 1 0 0 0 0 0 1 0 0 0 0 0 0
1161 1 0 0 0 0 0 0 0 0 0 0 0 0
1163 16 1 1 14 0 0 0 0 0 0 0 0 0
fl=/build/buildd/eglibc-2.19/posix/getopt1.c
fn=getopt_long
64 2 1 1 0 0 0 0 0 0 0 0 0 0
65 6 1 1 0 0 0 4 0 0 0 0 0 0
66 4 0 0 2 0 0 0 0 0 0 0 0 0
fl=/build/buildd/eglibc-2.19/setjmp/../sysdeps/x86_64/bsd-_setjmp.S
fn=_setjmp
30 1 1 1 0 0 0 0 0 0 0 0 0 0
32 1 0 0 0 0 0 0 0 0 0 0 0 0
fl=/build/buildd/eglibc-2.19/setjmp/../sysdeps/x86_64/setjmp.S
fn=__sigsetjmp
26 6 2 2 0 0 0 6 0 0 0 0 0 0
35 6 0 0 0 0 0 0 0 0 0 0 0 0
36 12 1 1 6 0 0 0 0 0 0 0 0 0
37 6 0 0 0 0 0 6 0 0 0 0 0 0
41 6 0 0 0 0 0 6 0 0 0 0 0 0
42 6 0 0 0 0 0 6 0 0 0 0 0 0
43 6 0 0 0 0 0 6 0 0 0 0 0 0
44 6 0 0 0 0 0 6 0 0 0 0 0 0
45 6 0 0 0 0 0 0 0 0 0 0 0 0
47 12 0 0 6 0 0 0 0 0 0 0 0 0
49 6 0 0 0 0 0 6 0 0 0 0 0 0
50 6 1 1 6 0 0 0 0 0 0 0 0 0
53 12 0 0 6 0 0 0 0 0 0 0 0 0
55 6 0 0 0 0 0 6 0 0 0 0 0 0
59 5 0 0 0 0 0 0 0 0 0 0 0 0
60 5 0 0 5 0 0 0 0 0 0 0 0 0
64 1 0 0 0 0 0 0 0 0 0 0 0 0
fl=/build/buildd/eglibc-2.19/setjmp/sigjmp.c
fn=__sigjmp_save
28 2 0 0 0 0 0 1 0 0 0 0 0 0
29 4 0 0 0 0 0 1 0 0 1 1 0 0
34 3 0 0 2 0 0 0 0 0 0 0 0 0
fl=/build/buildd/eglibc-2.19/stdio-common/printf-parse.h
fn=vfprintf
108 8 1 1 0 0 0 4 1 0 0 0 0 0
fl=/build/buildd/eglibc-2.19/stdio-common/printf.c
fn=printf
28 9 1 1 0 0 0 5 0 0 1 1 0 0
32 6 2 2 0 0 0 4 0 0 0 0 0 0
33 4 0 0 2 0 0 1 0 0 0 0 0 0
37 2 0 0 1 0 0 0 0 0 0 0 0 0
fl=/build/buildd/eglibc-2.19/stdio-common/vfprintf.c
fn=vfprintf
235 11 2 2 0 0 0 6 0 0 0 0 0 0
240 1 0 0 0 0 0 1 0 0 0 0 0 0
270 3 0 0 2 0 0 1 1 0 0 0 0 0
274 1 0 0 0 0 0 1 0 0 0 0 0 0
277 1 1 1 0 0 0 1 1 0 0 0 0 0
283 1 0 0 0 0 0 1 0 0 0 0 0 0
1295 4 0 0 1 1 0 1 0 0 1 0 0 0
1299 5 1 1 1 1 1 0 0 0 2 0 0 0
1310 2 0 0 0 0 0 0 0 0 1 0 0 0
1317 1 0 0 0 0 0 1 0 0 0 0 0 0
1321 6 0 0 3 0 0 3 1 0 0 0 0 0
1325 1 0 0 0 0 0 1 0 0 0 0 0 0
1332 1 0 0 0 0 0 1 0 0 0 0 0 0
1336 10 2 2 2 0 0 4 1 0 2 1 0 0
1337 15 1 1 8 2 1 1 0 0 3 1 0 0
1340 13 2 2 3 1 0 3 0 0 2 2 1 1
1344 3 1 1 2 0 0 0 0 0 1 0 0 0
1348 7 0 0 3 1 0 0 0 0 3 0 0 0
1375 1 0 0 0 0 0 1 1 0 0 0 0 0
1376 1 0 0 0 0 0 1 0 0 0 0 0 0
1377 1 1 1 0 0 0 1 0 0 0 0 0 0
1378 1 0 0 0 0 0 1 0 0 0 0 0 0
1379 1 0 0 0 0 0 1 0 0 0 0 0 0
1380 1 0 0 0 0 0 1 0 0 0 0 0 0
1381 1 0 0 0 0 0 1 0 0 0 0 0 0
1382 1 0 0 0 0 0 1 0 0 0 0 0 0
1383 1 0 0 0 0 0 1 0 0 0 0 0 0
1384 1 1 1 0 0 0 1 0 0 0 0 0 0
1385 1 0 0 0 0 0 1 0 0 0 0 0 0
1388 1 0 0 0 0 0 1 0 0 0 0 0 0
1389 1 0 0 0 0 0 1 0 0 0 0 0 0
1392 1 0 0 0 0 0 1 0 0 0 0 0 0
1393 1 0 0 0 0 0 0 0 0 0 0 0 0
1396 17 2 2 4 2 2 2 0 0 1 1 0 0
1559 3 0 0 0 0 0 1 0 0 0 0 1 1
1580 2 0 0 0 0 0 1 1 0 0 0 0 0
1661 60 7 7 24 0 0 5 0 0 30 11 1 1
1680 2 1 1 1 0 0 0 0 0 1 0 0 0
1682 1 0 0 0 0 0 1 0 0 0 0 0 0
1688 4 1 1 1 0 0 2 0 0 0 0 0 0
1692 23 1 1 5 0 0 3 0 0 3 0 1 1
1694 2 0 0 1 0 0 0 0 0 1 1 0 0
2091 2 1 1 1 0 0 0 0 0 1 1 0 0
2093 2 1 1 1 0 0 0 0 0 1 0 0 0
2095 2 0 0 1 0 0 0 0 0 1 1 0 0
2098 10 1 1 5 0 0 1 0 0 4 2 0 0
2099 3 0 0 1 0 0 0 0 0 1 1 0 0
2101 1 0 0 1 0 0 0 0 0 0 0 0 0
2102 8 0 0 7 0 0 0 0 0 0 0 0 0
fl=/build/buildd/eglibc-2.19/stdlib/cxa_atexit.c
fn=__cxa_atexit
35 2 0 0 0 0 0 1 0 0 0 0 0 0
37 2 0 0 0 0 0 0 0 0 1 0 0 0
41 3 0 0 1 0 0 0 0 0 0 0 0 0
43 1 0 0 0 0 0 1 0 0 0 0 0 0
44 1 0 0 0 0 0 1 0 0 0 0 0 0
45 1 0 0 0 0 0 1 0 0 0 0 0 0
47 1 1 1 0 0 0 1 0 0 0 0 0 0
48 1 0 0 0 0 0 0 0 0 0 0 0 0
57 6 1 1 0 0 0 3 0 0 0 0 0 0
59 4 0 0 4 0 0 0 0 0 0 0 0 0
fn=__new_exitfn
73 4 1 1 0 0 0 2 0 0 0 0 0 0
74 2 0 0 0 0 0 0 0 0 0 0 0 0
79 6 0 0 2 2 2 0 0 0 2 1 0 0
81 8 2 2 2 1 0 0 0 0 2 0 0 0
83 3 0 0 1 1 0 0 0 0 1 1 0 0
91 1 0 0 0 0 0 1 0 0 0 0 0 0
112 1 1 1 0 0 0 0 0 0 0 0 0 0
113 2 0 0 0 0 0 1 0 0 0 0 0 0
126 1 1 1 0 0 0 1 0 0 0 0 0 0
127 1 0 0 1 1 1 0 0 0 0 0 0 0
130 4 0 0 2 0 0 0 0 0 2 1 0 0
133 5 0 0 3 0 0 0 0 0 0 0 0 0
fl=/build/buildd/eglibc-2.19/stdlib/cxa_finalize.c
fn=__cxa_finalize
31 16 1 1 0 0 0 12 0 0 0 0 0 0
35 14 1 1 4 0 0 0 0 0 4 0 0 0
39 12 1 1 2 0 0 0 0 0 2 2 0 0
48 2 0 0 0 0 0 0 0 0 0 0 0 0
67 14 1 1 4 0 0 0 0 0 4 0 0 0
71 12 0 0 2 0 0 0 0 0 2 2 0 0
79 4 0 0 0 0 0 0 0 0 2 0 0 0
80 4 0 0 0 0 0 0 0 0 0 0 0 0
82 14 1 1 12 0 0 0 0 0 0 0 0 0
fl=/build/buildd/eglibc-2.19/stdlib/cxa_thread_atexit_impl.c
fn=__call_tls_dtors
82 3 1 1 0 0 0 3 0 0 0 0 0 0
83 5 0 0 1 0 0 1 0 0 1 1 0 0
101 4 1 1 4 0 0 0 0 0 0 0 0 0
fl=/build/buildd/eglibc-2.19/stdlib/exit.c
fn=__run_exit_handlers
35 8 1 1 0 0 0 4 0 0 0 0 0 0
40 2 0 0 1 0 0 1 0 0 0 0 0 0
46 8 0 0 2 0 0 0 0 0 1 0 0 0
50 6 0 0 0 0 0 0 0 0 2 1 0 0
52 1 0 0 0 0 0 1 0 0 0 0 0 0
53 1 0 0 0 0 0 0 0 0 0 0 0 0
54 5 1 1 1 0 0 0 0 0 2 1 0 0
78 1 1 1 1 0 0 0 0 0 0 0 0 0
80 2 0 0 1 0 0 0 0 0 0 0 0 0
82 3 0 0 1 0 0 1 0 0 0 0 1 1
83 1 0 0 0 0 0 0 0 0 0 0 0 0
87 2 0 0 1 0 0 1 0 0 0 0 0 0
88 2 0 0 0 0 0 0 0 0 1 0 0 0
94 2 0 0 0 0 0 0 0 0 1 0 0 0
95 8 1 1 1 1 0 1 0 0 2 1 1 1
97 2 0 0 0 0 0 1 0 0 0 0 0 0
fn=exit
103 1 0 0 0 0 0 0 0 0 0 0 0 0
104 3 1 1 0 0 0 1 0 0 0 0 0 0
fl=/build/buildd/eglibc-2.19/stdlib/getenv.c
fn=getenv
35 8 2 2 0 0 0 6 0 0 0 0 0 0
36 2 0 0 0 0 0 1 0 0 0 0 0 0
40 7 0 0 3 0 0 0 0 0 2 0 0 0
43 2 0 0 1 0 0 0 0 0 1 1 0 0
68 1 1 1 1 0 0 0 0 0 0 0 0 0
73 1 0 0 0 0 0 0 0 0 0 0 0 0
74 1 0 0 0 0 0 0 0 0 0 0 0 0
76 287 1 1 72 10 0 0 0 0 72 2 0 0
85 142 0 0 71 39 0 0 0 0 71 6 0 0
92 9 0 0 7 0 0 0 0 0 0 0 0 0
fl=/build/buildd/eglibc-2.19/string/../bits/stdlib-bsearch.h
fn=intel_check_word
27 8 1 1 0 0 0 0 0 0 0 0 0 0
28 16 0 0 0 0 0 0 0 0 0 0 0 0
29 110 0 0 0 0 0 0 0 0 54 8 0 0
31 154 0 0 0 0 0 0 0 0 0 0 0 0
32 54 0 0 0 0 0 0 0 0 0 0 0 0
37 8 1 1 0 0 0 0 0 0 0 0 0 0
fl=/build/buildd/eglibc-2.19/string/../string/memcmp.c
fn=bcmp
105 29 1 1 29 0 0 0 0 0 0 0 0 0
106 58 0 0 29 0 0 0 0 0 0 0 0 0
110 63 0 0 0 0 0 0 0 0 29 20 0 0
111 15 0 0 0 0 0 0 0 0 0 0 0 0
129 42 1 1 0 0 0 0 0 0 18 3 0 0
133 4 1 1 4 1 1 0 0 0 0 0 0 0
134 4 0 0 4 0 0 0 0 0 0 0 0 0
135 4 0 0 0 0 0 0 0 0 0 0 0 0
136 4 0 0 0 0 0 0 0 0 0 0 0 0
137 4 0 0 0 0 0 0 0 0 0 0 0 0
140 2 0 0 2 0 0 0 0 0 0 0 0 0
141 2 0 0 2 0 0 0 0 0 0 0 0 0
142 2 0 0 0 0 0 0 0 0 0 0 0 0
143 2 0 0 0 0 0 0 0 0 0 0 0 0
144 2 0 0 0 0 0 0 0 0 0 0 0 0
165 3 0 0 3 0 0 0 0 0 0 0 0 0
166 3 0 0 3 0 0 0 0 0 0 0 0 0
167 6 1 1 0 0 0 0 0 0 3 3 0 0
171 3 0 0 3 0 0 0 0 0 0 0 0 0
172 3 0 0 3 0 0 0 0 0 0 0 0 0
173 6 1 1 0 0 0 0 0 0 3 2 0 0
177 5 0 0 5 0 0 0 0 0 0 0 0 0
178 5 0 0 5 0 0 0 0 0 0 0 0 0
179 16 1 1 0 0 0 2 1 1 5 5 0 0
183 8 0 0 8 0 0 0 0 0 0 0 0 0
184 8 0 0 8 0 0 0 0 0 0 0 0 0
185 40 1 1 0 0 0 8 2 2 8 4 0 0
188 3 0 0 0 0 0 0 0 0 0 0 0 0
189 6 0 0 0 0 0 0 0 0 0 0 0 0
192 8 1 1 0 0 0 0 0 0 4 1 0 0
197 2 1 1 0 0 0 0 0 0 1 1 0 0
221 3 0 0 0 0 0 0 0 0 0 0 0 0
222 6 0 0 0 0 0 0 0 0 0 0 0 0
226 6 0 0 0 0 0 0 0 0 0 0 0 0
228 21 1 1 0 0 0 0 0 0 9 3 0 0
232 3 0 0 3 0 0 0 0 0 0 0 0 0
233 3 0 0 3 1 1 0 0 0 0 0 0 0
234 3 0 0 3 0 0 0 0 0 0 0 0 0
235 3 0 0 0 0 0 0 0 0 0 0 0 0
236 3 0 0 0 0 0 0 0 0 0 0 0 0
237 3 0 0 0 0 0 0 0 0 0 0 0 0
289 3 0 0 3 0 0 0 0 0 0 0 0 0
290 3 0 0 3 1 1 0 0 0 0 0 0 0
291 18 1 1 0 0 0 0 0 0 0 0 0 0
292 6 0 0 0 0 0 0 0 0 3 3 0 0
299 6 0 0 0 0 0 0 0 0 3 3 0 0
304 18 1 1 0 0 0 0 0 0 0 0 0 0
305 6 0 0 0 0 0 0 0 0 3 3 0 0
315 133 1 1 0 0 0 114 1 1 0 0 0 0
318 19 0 0 0 0 0 0 0 0 0 0 0 0
319 19 0 0 0 0 0 0 0 0 0 0 0 0
322 38 0 0 0 0 0 0 0 0 19 7 0 0
326 33 0 0 0 0 0 0 0 0 11 7 0 0
328 2 0 0 2 1 1 0 0 0 0 0 0 0
329 2 0 0 2 0 0 0 0 0 0 0 0 0
330 2 0 0 0 0 0 0 0 0 0 0 0 0
331 2 0 0 0 0 0 0 0 0 0 0 0 0
333 4 0 0 0 0 0 0 0 0 2 1 0 0
335 2 0 0 0 0 0 0 0 0 0 0 0 0
342 27 1 1 0 0 0 0 0 0 9 3 0 0
343 18 0 0 0 0 0 0 0 0 0 0 0 0
346 10 0 0 0 0 0 0 0 0 5 4 0 0
350 12 0 0 0 0 0 0 0 0 0 0 0 0
351 4 0 0 0 0 0 0 0 0 0 0 0 0
352 4 0 0 0 0 0 0 0 0 0 0 0 0
356 188 2 2 0 0 0 0 0 0 94 27 0 0
358 81 0 0 81 1 1 0 0 0 0 0 0 0
359 81 0 0 81 5 5 0 0 0 0 0 0 0
360 81 0 0 0 0 0 0 0 0 0 0 0 0
363 264 0 0 0 0 0 0 0 0 81 1 0 0
368 13 0 0 0 0 0 0 0 0 0 0 0 0
369 152 0 0 133 0 0 0 0 0 0 0 0 0
fl=/build/buildd/eglibc-2.19/string/../sysdeps/x86_64/memcpy.S
fn=__GI_mempcpy
61 2 1 1 0 0 0 0 0 0 0 0 0 0
65 2 0 0 0 0 0 0 0 0 2 0 0 0
68 2 0 0 0 0 0 0 0 0 0 0 0 0
69 2 0 0 0 0 0 0 0 0 2 2 0 0
80 2 0 0 0 0 0 0 0 0 0 0 0 0
81 2 0 0 0 0 0 0 0 0 2 0 0 0
83 2 0 0 2 0 0 0 0 0 0 0 0 0
84 2 0 0 0 0 0 2 0 0 0 0 0 0
86 2 0 0 0 0 0 0 0 0 0 0 0 0
87 2 0 0 0 0 0 0 0 0 0 0 0 0
92 2 0 0 0 0 0 0 0 0 0 0 0 0
93 2 0 0 0 0 0 0 0 0 2 2 0 0
104 2 1 1 0 0 0 0 0 0 0 0 0 0
105 2 0 0 0 0 0 0 0 0 2 1 0 0
107 1 0 0 1 0 0 0 0 0 0 0 0 0
108 1 0 0 0 0 0 1 0 0 0 0 0 0
110 1 0 0 0 0 0 0 0 0 0 0 0 0
111 2 0 0 0 0 0 0 0 0 0 0 0 0
116 2 0 0 0 0 0 0 0 0 0 0 0 0
117 2 0 0 0 0 0 0 0 0 2 2 0 0
138 2 1 1 0 0 0 0 0 0 0 0 0 0
142 2 0 0 2 0 0 0 0 0 0 0 0 0
fn=mempcpy
61 110 1 1 0 0 0 0 0 0 0 0 0 0
65 110 0 0 0 0 0 0 0 0 110 13 0 0
68 108 0 0 0 0 0 0 0 0 0 0 0 0
69 108 0 0 0 0 0 0 0 0 108 34 0 0
71 29 0 0 29 1 1 0 0 0 0 0 0 0
72 29 0 0 0 0 0 29 3 3 0 0 0 0
74 29 0 0 0 0 0 0 0 0 0 0 0 0
75 29 0 0 0 0 0 0 0 0 0 0 0 0
80 108 0 0 0 0 0 0 0 0 0 0 0 0
81 108 0 0 0 0 0 0 0 0 108 10 0 0
83 79 0 0 79 0 0 0 0 0 0 0 0 0
84 79 0 0 0 0 0 79 1 1 0 0 0 0
86 79 0 0 0 0 0 0 0 0 0 0 0 0
87 79 0 0 0 0 0 0 0 0 0 0 0 0
92 108 0 0 0 0 0 0 0 0 0 0 0 0
93 108 0 0 0 0 0 0 0 0 108 30 0 0
95 29 0 0 29 0 0 0 0 0 0 0 0 0
96 29 0 0 0 0 0 29 0 0 0 0 0 0
98 29 0 0 0 0 0 0 0 0 0 0 0 0
99 29 0 0 0 0 0 0 0 0 0 0 0 0
104 108 0 0 0 0 0 0 0 0 0 0 0 0
105 108 0 0 0 0 0 0 0 0 108 20 0 0
107 60 0 0 60 0 0 0 0 0 0 0 0 0
108 60 0 0 0 0 0 60 0 0 0 0 0 0
110 60 0 0 0 0 0 0 0 0 0 0 0 0
111 120 0 0 0 0 0 0 0 0 0 0 0 0
116 108 1 1 0 0 0 0 0 0 0 0 0 0
117 128 0 0 0 0 0 0 0 0 108 21 0 0
122 20 0 0 20 1 0 0 0 0 0 0 0 0
123 20 0 0 20 0 0 0 0 0 0 0 0 0
124 20 0 0 0 0 0 20 1 1 0 0 0 0
125 20 0 0 0 0 0 20 2 2 0 0 0 0
127 20 0 0 0 0 0 0 0 0 0 0 0 0
129 20 0 0 0 0 0 0 0 0 0 0 0 0
130 20 0 0 0 0 0 0 0 0 0 0 0 0
132 20 0 0 0 0 0 0 0 0 20 0 0 0
138 108 0 0 0 0 0 0 0 0 0 0 0 0
142 108 0 0 108 0 0 0 0 0 0 0 0 0
154 24 1 1 0 0 0 0 0 0 0 0 0 0
156 24 0 0 0 0 0 0 0 0 0 0 0 0
157 24 0 0 0 0 0 0 0 0 24 10 0 0
183 24 0 0 0 0 0 0 0 0 0 0 0 0
184 24 0 0 0 0 0 0 0 0 24 0 0 0
187 24 0 0 0 0 0 0 0 0 0 0 0 0
188 24 0 0 0 0 0 0 0 0 0 0 0 0
189 24 0 0 0 0 0 0 0 0 24 0 0 0
194 24 1 1 0 0 0 0 0 0 0 0 0 0
196 24 0 0 24 0 0 0 0 0 0 0 0 0
197 24 0 0 24 0 0 0 0 0 0 0 0 0
198 24 0 0 24 0 0 0 0 0 0 0 0 0
199 24 0 0 24 0 0 0 0 0 0 0 0 0
201 24 0 0 0 0 0 24 4 4 0 0 0 0
202 24 0 0 0 0 0 24 0 0 0 0 0 0
203 24 0 0 0 0 0 24 0 0 0 0 0 0
204 24 0 0 0 0 0 24 2 2 0 0 0 0
206 24 0 0 0 0 0 0 0 0 0 0 0 0
207 24 0 0 0 0 0 0 0 0 0 0 0 0
209 24 0 0 0 0 0 0 0 0 24 13 0 0
211 6 0 0 0 0 0 0 0 0 0 0 0 0
213 6 0 0 6 0 0 0 0 0 0 0 0 0
214 6 0 0 6 0 0 0 0 0 0 0 0 0
215 6 0 0 6 0 0 0 0 0 0 0 0 0
216 6 0 0 6 0 0 0 0 0 0 0 0 0
218 6 0 0 0 0 0 6 0 0 0 0 0 0
219 6 0 0 0 0 0 6 0 0 0 0 0 0
220 6 0 0 0 0 0 6 1 1 0 0 0 0
221 6 0 0 0 0 0 6 0 0 0 0 0 0
223 6 0 0 0 0 0 0 0 0 0 0 0 0
224 6 0 0 0 0 0 0 0 0 0 0 0 0
226 12 0 0 0 0 0 0 0 0 6 0 0 0
231 24 1 1 0 0 0 0 0 0 0 0 0 0
233 24 0 0 0 0 0 0 0 0 24 8 0 0
235 2 0 0 0 0 0 0 0 0 0 0 0 0
242 2 0 0 2 0 0 0 0 0 0 0 0 0
fl=/build/buildd/eglibc-2.19/string/../sysdeps/x86_64/multiarch/../cacheinfo.c
fn=handle_intel
305 16 0 0 0 0 0 12 0 0 0 0 0 0
306 4 1 1 0 0 0 0 0 0 2 1 0 0
317 6 0 0 0 0 0 2 0 0 0 0 0 0
319 2 1 1 0 0 0 2 0 0 0 0 0 0
320 4 0 0 0 0 0 2 0 0 0 0 0 0
322 2 0 0 0 0 0 0 0 0 0 0 0 0
328 8 1 1 0 0 0 2 0 0 0 0 0 0
333 4 0 0 0 0 0 0 0 0 2 0 0 0
335 6 0 0 0 0 0 2 0 0 0 0 0 0
336 2 0 0 0 0 0 0 0 0 0 0 0 0
340 10 0 0 0 0 0 2 0 0 0 0 0 0
341 4 0 0 0 0 0 0 0 0 2 0 0 0
344 10 1 1 0 0 0 2 0 0 0 0 0 0
345 4 0 0 0 0 0 0 0 0 2 2 0 0
362 16 1 1 14 0 0 0 0 0 0 0 0 0
fn=init_cacheinfo
550 3 1 1 0 0 0 3 0 0 0 0 0 0
563 3 0 0 1 0 0 0 0 0 1 0 0 0
570 2 0 0 0 0 0 0 0 0 1 1 0 0
572 4 0 0 1 0 0 1 0 0 0 0 0 0
575 1 0 0 0 0 0 0 0 0 0 0 0 0
576 4 1 1 1 0 0 1 0 0 0 0 0 0
578 2 0 0 0 0 0 0 0 0 1 0 0 0
589 1 0 0 1 0 0 0 0 0 0 0 0 0
607 4 0 0 1 0 0 0 0 0 1 0 0 0
614 17 1 1 0 0 0 0 0 0 0 0 0 0
620 8 0 0 0 0 0 0 0 0 4 4 0 0
623 20 0 0 0 0 0 0 0 0 4 1 0 0
625 2 1 1 0 0 0 0 0 0 0 0 0 0
631 5 0 0 0 0 0 0 0 0 2 0 0 0
638 9 1 1 0 0 0 0 0 0 0 0 0 0
640 2 0 0 0 0 0 0 0 0 0 0 0 0
642 8 0 0 0 0 0 0 0 0 4 2 0 0
644 4 0 0 0 0 0 0 0 0 2 1 0 0
649 1 1 1 0 0 0 0 0 0 0 0 0 0
651 4 0 0 0 0 0 0 0 0 0 0 0 0
652 2 0 0 0 0 0 0 0 0 0 0 0 0
653 1 0 0 0 0 0 0 0 0 0 0 0 0
657 2 0 0 0 0 0 0 0 0 0 0 0 0
669 4 0 0 0 0 0 0 0 0 2 1 0 0
670 5 1 1 0 0 0 0 0 0 0 0 0 0
744 2 0 0 0 0 0 0 0 0 1 0 0 0
746 3 1 1 0 0 0 1 0 0 0 0 0 0
747 1 0 0 0 0 0 1 1 1 0 0 0 0
749 1 0 0 0 0 0 0 0 0 0 0 0 0
750 3 0 0 0 0 0 1 0 0 0 0 0 0
751 1 0 0 0 0 0 1 0 0 0 0 0 0
754 2 0 0 0 0 0 0 0 0 1 0 0 0
756 3 0 0 0 0 0 1 0 0 0 0 0 0
757 1 0 0 0 0 0 1 1 1 0 0 0 0
759 1 0 0 0 0 0 0 0 0 0 0 0 0
760 3 0 0 0 0 0 1 0 0 0 0 0 0
761 1 0 0 0 0 0 1 0 0 0 0 0 0
763 4 0 0 4 0 0 0 0 0 0 0 0 0
fn=intel_check_word
150 108 0 0 54 6 6 0 0 0 54 10 0 0
153 54 1 1 0 0 0 0 0 0 54 9 0 0
161 16 0 0 0 0 0 12 0 0 0 0 0 0
162 8 1 1 0 0 0 0 0 0 4 1 0 0
164 2 0 0 0 0 0 0 0 0 0 0 0 0
168 28 0 0 0 0 0 0 0 0 0 0 0 0
170 32 1 1 0 0 0 0 0 0 12 2 0 0
172 10 0 0 0 0 0 0 0 0 0 0 0 0
174 20 0 0 0 0 0 0 0 0 10 0 0 0
182 20 0 0 0 0 0 0 0 0 10 2 0 0
194 39 2 2 0 0 0 0 0 0 7 2 0 0
199 16 0 0 0 0 0 0 0 0 5 1 0 0
203 10 1 1 0 0 0 0 0 0 0 0 0 0
205 5 0 0 0 0 0 0 0 0 2 1 0 0
210 8 0 0 0 0 0 0 0 0 4 3 0 0
213 2 1 1 0 0 0 0 0 0 0 0 0 0
215 4 1 1 0 0 0 0 0 0 2 2 0 0
217 10 2 2 0 0 0 0 0 0 0 0 0 0
218 8 0 0 0 0 0 0 0 0 0 0 0 0
219 8 0 0 0 0 0 0 0 0 0 0 0 0
220 2 0 0 0 0 0 0 0 0 0 0 0 0
228 3 0 0 0 0 0 0 0 0 0 0 0 0
235 16 0 0 0 0 0 0 0 0 8 4 0 0
295 8 0 0 0 0 0 0 0 0 0 0 0 0
300 16 0 0 16 0 0 0 0 0 0 0 0 0
fl=/build/buildd/eglibc-2.19/string/../sysdeps/x86_64/multiarch/../memcpy.S
fn=memcpy
61 28 1 1 0 0 0 0 0 0 0 0 0 0
63 28 0 0 0 0 0 0 0 0 0 0 0 0
65 28 0 0 0 0 0 0 0 0 28 8 0 0
68 28 0 0 0 0 0 0 0 0 0 0 0 0
69 28 0 0 0 0 0 0 0 0 28 18 0 0
71 7 1 1 7 0 0 0 0 0 0 0 0 0
72 7 0 0 0 0 0 7 1 1 0 0 0 0
74 7 0 0 0 0 0 0 0 0 0 0 0 0
75 7 0 0 0 0 0 0 0 0 0 0 0 0
80 28 0 0 0 0 0 0 0 0 0 0 0 0
81 28 0 0 0 0 0 0 0 0 28 16 0 0
83 11 0 0 11 0 0 0 0 0 0 0 0 0
84 11 0 0 0 0 0 11 2 2 0 0 0 0
86 11 0 0 0 0 0 0 0 0 0 0 0 0
87 22 0 0 0 0 0 0 0 0 0 0 0 0
92 28 0 0 0 0 0 0 0 0 0 0 0 0
93 28 0 0 0 0 0 0 0 0 28 18 0 0
95 8 0 0 8 1 1 0 0 0 0 0 0 0
96 8 0 0 0 0 0 8 2 2 0 0 0 0
98 8 0 0 0 0 0 0 0 0 0 0 0 0
99 8 0 0 0 0 0 0 0 0 0 0 0 0
104 28 0 0 0 0 0 0 0 0 0 0 0 0
105 28 0 0 0 0 0 0 0 0 28 13 0 0
107 14 0 0 14 1 1 0 0 0 0 0 0 0
108 14 0 0 0 0 0 14 0 0 0 0 0 0
110 14 0 0 0 0 0 0 0 0 0 0 0 0
111 14 0 0 0 0 0 0 0 0 0 0 0 0
116 28 1 1 0 0 0 0 0 0 0 0 0 0
117 45 0 0 0 0 0 0 0 0 28 11 0 0
122 17 0 0 17 0 0 0 0 0 0 0 0 0
123 17 0 0 17 0 0 0 0 0 0 0 0 0
124 17 0 0 0 0 0 17 1 1 0 0 0 0
125 17 0 0 0 0 0 17 1 1 0 0 0 0
127 17 0 0 0 0 0 0 0 0 0 0 0 0
129 17 0 0 0 0 0 0 0 0 0 0 0 0
130 17 0 0 0 0 0 0 0 0 0 0 0 0
132 17 0 0 0 0 0 0 0 0 17 0 0 0
140 28 0 0 28 0 0 0 0 0 0 0 0 0
148 15 0 0 0 0 0 15 0 0 0 0 0 0
154 15 0 0 0 0 0 0 0 0 0 0 0 0
156 15 0 0 0 0 0 0 0 0 0 0 0 0
157 15 0 0 0 0 0 0 0 0 15 4 0 0
160 11 1 1 0 0 0 0 0 0 0 0 0 0
161 22 0 0 0 0 0 0 0 0 0 0 0 0
166 46 0 0 46 0 0 0 0 0 0 0 0 0
167 46 0 0 0 0 0 46 2 2 0 0 0 0
169 46 0 0 0 0 0 0 0 0 0 0 0 0
171 46 0 0 0 0 0 0 0 0 0 0 0 0
172 46 0 0 0 0 0 0 0 0 0 0 0 0
174 57 0 0 0 0 0 0 0 0 46 21 0 0
183 15 0 0 0 0 0 0 0 0 0 0 0 0
184 15 0 0 0 0 0 0 0 0 15 0 0 0
187 15 0 0 0 0 0 0 0 0 0 0 0 0
188 15 0 0 0 0 0 0 0 0 0 0 0 0
189 15 0 0 0 0 0 0 0 0 15 2 0 0
194 20 1 1 0 0 0 0 0 0 0 0 0 0
196 20 0 0 20 0 0 0 0 0 0 0 0 0
197 20 0 0 20 0 0 0 0 0 0 0 0 0
198 20 0 0 20 0 0 0 0 0 0 0 0 0
199 20 0 0 20 0 0 0 0 0 0 0 0 0
201 20 0 0 0 0 0 20 2 2 0 0 0 0
202 20 0 0 0 0 0 20 1 1 0 0 0 0
203 20 0 0 0 0 0 20 3 3 0 0 0 0
204 20 0 0 0 0 0 20 5 5 0 0 0 0
206 20 0 0 0 0 0 0 0 0 0 0 0 0
207 20 0 0 0 0 0 0 0 0 0 0 0 0
209 20 0 0 0 0 0 0 0 0 20 10 0 0
211 8 0 0 0 0 0 0 0 0 0 0 0 0
213 8 0 0 8 0 0 0 0 0 0 0 0 0
214 8 0 0 8 0 0 0 0 0 0 0 0 0
215 8 0 0 8 0 0 0 0 0 0 0 0 0
216 8 0 0 8 0 0 0 0 0 0 0 0 0
218 8 0 0 0 0 0 8 0 0 0 0 0 0
219 8 1 1 0 0 0 8 0 0 0 0 0 0
220 8 0 0 0 0 0 8 0 0 0 0 0 0
221 8 0 0 0 0 0 8 1 1 0 0 0 0
223 8 0 0 0 0 0 0 0 0 0 0 0 0
224 8 0 0 0 0 0 0 0 0 0 0 0 0
226 9 0 0 0 0 0 0 0 0 8 5 0 0
231 15 0 0 0 0 0 0 0 0 0 0 0 0
237 15 0 0 15 0 0 0 0 0 0 0 0 0
238 15 0 0 0 0 0 0 0 0 15 12 0 0
fl=/build/buildd/eglibc-2.19/string/../sysdeps/x86_64/multiarch/../rtld-strlen.S
fn=strlen
26 33 1 1 0 0 0 0 0 0 0 0 0 0
27 33 0 0 0 0 0 0 0 0 0 0 0 0
28 33 0 0 0 0 0 0 0 0 0 0 0 0
29 33 0 0 0 0 0 0 0 0 33 16 0 0
31 15 0 0 0 0 0 0 0 0 0 0 0 0
32 15 0 0 0 0 0 0 0 0 0 0 0 0
34 63 0 0 63 1 1 0 0 0 0 0 0 0
35 63 0 0 0 0 0 0 0 0 63 1 0 0
36 62 0 0 0 0 0 0 0 0 0 0 0 0
37 62 0 0 0 0 0 0 0 0 0 0 0 0
38 62 0 0 0 0 0 0 0 0 62 39 0 0
40 64 1 1 0 0 0 0 0 0 0 0 0 0
45 70 0 0 70 0 0 0 0 0 0 0 0 0
46 70 0 0 0 0 0 0 0 0 0 0 0 0
47 70 0 0 0 0 0 0 0 0 0 0 0 0
48 70 0 0 0 0 0 0 0 0 0 0 0 0
51 70 0 0 0 0 0 0 0 0 70 5 0 0
52 68 0 0 0 0 0 0 0 0 0 0 0 0
53 68 0 0 0 0 0 0 0 0 0 0 0 0
54 68 0 0 0 0 0 0 0 0 0 0 0 0
56 68 0 0 0 0 0 0 0 0 68 2 0 0
59 66 0 0 66 0 0 0 0 0 0 0 0 0
60 66 0 0 0 0 0 0 0 0 0 0 0 0
61 66 0 0 0 0 0 0 0 0 0 0 0 0
62 66 0 0 0 0 0 0 0 0 0 0 0 0
65 66 0 0 0 0 0 0 0 0 66 6 0 0
66 61 0 0 0 0 0 0 0 0 0 0 0 0
67 61 0 0 0 0 0 0 0 0 0 0 0 0
68 61 1 1 0 0 0 0 0 0 0 0 0 0
70 61 0 0 0 0 0 0 0 0 61 3 0 0
73 58 0 0 58 0 0 0 0 0 0 0 0 0
74 58 0 0 0 0 0 0 0 0 0 0 0 0
75 58 0 0 0 0 0 0 0 0 0 0 0 0
76 58 0 0 0 0 0 0 0 0 0 0 0 0
79 58 0 0 0 0 0 0 0 0 58 4 0 0
80 54 0 0 0 0 0 0 0 0 0 0 0 0
81 54 0 0 0 0 0 0 0 0 0 0 0 0
82 54 0 0 0 0 0 0 0 0 0 0 0 0
84 54 0 0 0 0 0 0 0 0 54 6 0 0
87 48 0 0 48 0 0 0 0 0 0 0 0 0
88 48 0 0 0 0 0 0 0 0 0 0 0 0
89 48 0 0 0 0 0 0 0 0 0 0 0 0
90 48 0 0 0 0 0 0 0 0 0 0 0 0
93 48 0 0 0 0 0 0 0 0 48 5 0 0
94 43 0 0 0 0 0 0 0 0 0 0 0 0
95 43 0 0 0 0 0 0 0 0 0 0 0 0
96 43 0 0 0 0 0 0 0 0 0 0 0 0
98 48 0 0 0 0 0 0 0 0 43 7 0 0
101 32 1 1 0 0 0 0 0 0 0 0 0 0
103 32 0 0 0 0 0 0 0 0 0 0 0 0
104 32 0 0 0 0 0 0 0 0 32 1 0 0
105 31 0 0 0 0 0 0 0 0 0 0 0 0
107 31 0 0 0 0 0 0 0 0 0 0 0 0
108 31 0 0 0 0 0 0 0 0 31 5 0 0
109 26 0 0 0 0 0 0 0 0 0 0 0 0
111 26 0 0 0 0 0 0 0 0 0 0 0 0
112 26 0 0 0 0 0 0 0 0 26 9 0 0
113 18 0 0 0 0 0 0 0 0 0 0 0 0
115 18 0 0 0 0 0 0 0 0 0 0 0 0
116 18 0 0 0 0 0 0 0 0 18 2 0 0
117 16 0 0 0 0 0 0 0 0 0 0 0 0
119 16 0 0 0 0 0 0 0 0 0 0 0 0
121 16 0 0 0 0 0 0 0 0 0 0 0 0
122 16 0 0 0 0 0 0 0 0 16 2 0 0
123 14 0 0 0 0 0 0 0 0 0 0 0 0
125 14 0 0 0 0 0 0 0 0 0 0 0 0
126 14 0 0 0 0 0 0 0 0 14 5 0 0
127 9 0 0 0 0 0 0 0 0 0 0 0 0
129 9 0 0 0 0 0 0 0 0 0 0 0 0
130 9 1 1 0 0 0 0 0 0 9 5 0 0
131 6 0 0 0 0 0 0 0 0 0 0 0 0
133 33 0 0 0 0 0 0 0 0 0 0 0 0
134 33 0 0 33 0 0 0 0 0 0 0 0 0
fl=/build/buildd/eglibc-2.19/string/../sysdeps/x86_64/multiarch/../strchr.S
fn=__GI_strchr
24 1 1 1 0 0 0 0 0 0 0 0 0 0
25 1 0 0 0 0 0 0 0 0 0 0 0 0
26 1 0 0 0 0 0 0 0 0 0 0 0 0
27 1 0 0 0 0 0 0 0 0 0 0 0 0
28 1 0 0 0 0 0 0 0 0 0 0 0 0
29 1 0 0 0 0 0 0 0 0 0 0 0 0
30 1 0 0 0 0 0 0 0 0 0 0 0 0
31 1 0 0 0 0 0 0 0 0 1 0 0 0
32 1 0 0 1 0 0 0 0 0 0 0 0 0
33 1 0 0 0 0 0 0 0 0 0 0 0 0
34 1 0 0 0 0 0 0 0 0 0 0 0 0
35 1 1 1 0 0 0 0 0 0 0 0 0 0
36 1 0 0 0 0 0 0 0 0 0 0 0 0
37 1 0 0 0 0 0 0 0 0 0 0 0 0
38 1 0 0 0 0 0 0 0 0 0 0 0 0
39 1 0 0 0 0 0 0 0 0 0 0 0 0
40 1 0 0 0 0 0 0 0 0 1 0 0 0
41 1 0 0 0 0 0 0 0 0 0 0 0 0
45 1 0 0 0 0 0 0 0 0 0 0 0 0
46 1 0 0 0 0 0 0 0 0 0 0 0 0
47 1 0 0 1 0 0 0 0 0 0 0 0 0
48 1 0 0 0 0 0 0 0 0 0 0 0 0
50 1 0 0 1 0 0 0 0 0 0 0 0 0
fn=index
24 18 1 1 0 0 0 0 0 0 0 0 0 0
25 18 0 0 0 0 0 0 0 0 0 0 0 0
26 18 0 0 0 0 0 0 0 0 0 0 0 0
27 18 0 0 0 0 0 0 0 0 0 0 0 0
28 18 0 0 0 0 0 0 0 0 0 0 0 0
29 18 0 0 0 0 0 0 0 0 0 0 0 0
30 18 0 0 0 0 0 0 0 0 0 0 0 0
31 18 0 0 0 0 0 0 0 0 18 0 0 0
32 18 0 0 18 3 3 0 0 0 0 0 0 0
33 18 0 0 0 0 0 0 0 0 0 0 0 0
34 18 0 0 0 0 0 0 0 0 0 0 0 0
35 18 1 1 0 0 0 0 0 0 0 0 0 0
36 18 0 0 0 0 0 0 0 0 0 0 0 0
37 18 0 0 0 0 0 0 0 0 0 0 0 0
38 18 0 0 0 0 0 0 0 0 0 0 0 0
39 18 0 0 0 0 0 0 0 0 0 0 0 0
40 18 0 0 0 0 0 0 0 0 18 6 0 0
41 7 0 0 0 0 0 0 0 0 0 0 0 0
45 7 0 0 0 0 0 0 0 0 0 0 0 0
46 7 0 0 0 0 0 0 0 0 0 0 0 0
47 7 0 0 7 0 0 0 0 0 0 0 0 0
48 7 0 0 0 0 0 0 0 0 0 0 0 0
50 7 0 0 7 0 0 0 0 0 0 0 0 0
54 11 0 0 11 0 0 0 0 0 0 0 0 0
55 11 0 0 0 0 0 0 0 0 0 0 0 0
56 11 0 0 0 0 0 0 0 0 0 0 0 0
57 11 0 0 0 0 0 0 0 0 0 0 0 0
58 11 0 0 0 0 0 0 0 0 0 0 0 0
59 11 1 1 0 0 0 0 0 0 0 0 0 0
60 11 0 0 11 1 1 0 0 0 0 0 0 0
61 11 0 0 0 0 0 0 0 0 0 0 0 0
62 11 0 0 0 0 0 0 0 0 0 0 0 0
63 11 0 0 0 0 0 0 0 0 0 0 0 0
64 11 0 0 0 0 0 0 0 0 0 0 0 0
65 11 0 0 0 0 0 0 0 0 0 0 0 0
66 11 0 0 0 0 0 0 0 0 0 0 0 0
67 11 0 0 11 0 0 0 0 0 0 0 0 0
68 11 0 0 0 0 0 0 0 0 0 0 0 0
69 11 0 0 0 0 0 0 0 0 0 0 0 0
70 11 0 0 0 0 0 0 0 0 0 0 0 0
71 11 0 0 0 0 0 0 0 0 0 0 0 0
72 11 0 0 0 0 0 0 0 0 0 0 0 0
73 11 0 0 0 0 0 0 0 0 0 0 0 0
74 11 0 0 0 0 0 0 0 0 0 0 0 0
75 11 1 1 0 0 0 0 0 0 0 0 0 0
76 11 0 0 0 0 0 0 0 0 0 0 0 0
77 14 0 0 0 0 0 0 0 0 11 6 0 0
82 3 0 0 0 0 0 0 0 0 0 0 0 0
83 3 0 0 0 0 0 0 0 0 0 0 0 0
86 10 0 0 0 0 0 0 0 0 0 0 0 0
87 10 0 0 10 6 6 0 0 0 0 0 0 0
88 10 0 0 10 0 0 0 0 0 0 0 0 0
89 10 0 0 10 0 0 0 0 0 0 0 0 0
90 10 0 0 0 0 0 0 0 0 0 0 0 0
91 10 0 0 10 0 0 0 0 0 0 0 0 0
92 10 0 0 0 0 0 0 0 0 0 0 0 0
93 10 0 0 0 0 0 0 0 0 0 0 0 0
94 10 0 0 10 0 0 0 0 0 0 0 0 0
95 10 1 1 0 0 0 0 0 0 0 0 0 0
96 10 0 0 10 0 0 0 0 0 0 0 0 0
97 10 0 0 10 0 0 0 0 0 0 0 0 0
98 10 0 0 0 0 0 0 0 0 0 0 0 0
99 10 0 0 10 0 0 0 0 0 0 0 0 0
100 10 0 0 0 0 0 0 0 0 0 0 0 0
101 10 0 0 0 0 0 0 0 0 0 0 0 0
102 10 0 0 0 0 0 0 0 0 0 0 0 0
103 10 0 0 0 0 0 0 0 0 0 0 0 0
105 10 0 0 0 0 0 0 0 0 0 0 0 0
106 10 0 0 0 0 0 0 0 0 10 7 0 0
108 3 0 0 3 0 0 0 0 0 0 0 0 0
109 3 0 0 0 0 0 0 0 0 0 0 0 0
110 3 0 0 0 0 0 0 0 0 0 0 0 0
111 3 0 0 0 0 0 0 0 0 0 0 0 0
112 3 0 0 0 0 0 0 0 0 0 0 0 0
113 3 1 1 0 0 0 0 0 0 0 0 0 0
114 3 0 0 0 0 0 0 0 0 0 0 0 0
115 3 0 0 0 0 0 0 0 0 0 0 0 0
117 3 0 0 0 0 0 0 0 0 0 0 0 0
118 3 0 0 0 0 0 0 0 0 0 0 0 0
119 3 0 0 0 0 0 0 0 0 0 0 0 0
120 3 0 0 0 0 0 0 0 0 0 0 0 0
121 3 0 0 0 0 0 0 0 0 0 0 0 0
122 3 0 0 0 0 0 0 0 0 0 0 0 0
123 3 0 0 0 0 0 0 0 0 0 0 0 0
124 3 0 0 0 0 0 0 0 0 0 0 0 0
125 3 0 0 0 0 0 0 0 0 0 0 0 0
126 3 0 0 0 0 0 0 0 0 0 0 0 0
129 11 0 0 0 0 0 0 0 0 0 0 0 0
133 11 0 0 0 0 0 0 0 0 0 0 0 0
134 11 0 0 0 0 0 0 0 0 0 0 0 0
135 11 0 0 11 0 0 0 0 0 0 0 0 0
136 11 1 1 0 0 0 0 0 0 0 0 0 0
138 11 0 0 11 0 0 0 0 0 0 0 0 0
fl=/build/buildd/eglibc-2.19/string/../sysdeps/x86_64/multiarch/../strcmp.S
fn=__strcmp_ssse3
180 3 1 1 0 0 0 0 0 0 0 0 0 0
181 3 0 0 0 0 0 0 0 0 0 0 0 0
183 3 0 0 0 0 0 0 0 0 0 0 0 0
184 3 0 0 0 0 0 0 0 0 0 0 0 0
205 3 0 0 0 0 0 0 0 0 0 0 0 0
206 3 0 0 0 0 0 0 0 0 3 0 0 0
207 3 0 0 0 0 0 0 0 0 0 0 0 0
208 3 0 0 0 0 0 0 0 0 3 3 0 0
254 3 1 1 0 0 0 0 0 0 0 0 0 0
255 3 0 0 0 0 0 0 0 0 0 0 0 0
256 3 0 0 0 0 0 0 0 0 0 0 0 0
257 3 0 0 0 0 0 0 0 0 0 0 0 0
258 3 0 0 0 0 0 0 0 0 0 0 0 0
259 3 0 0 0 0 0 0 0 0 0 0 0 0
260 3 0 0 0 0 0 0 0 0 0 0 0 0
261 3 0 0 0 0 0 0 0 0 3 0 0 0
262 3 0 0 0 0 0 0 0 0 3 2 0 0
263 1 0 0 0 0 0 0 0 0 0 0 0 0
264 1 0 0 0 0 0 0 0 0 0 0 0 0
265 1 0 0 0 0 0 0 0 0 0 0 0 0
267 3 0 0 0 0 0 0 0 0 0 0 0 0
268 3 0 0 0 0 0 0 0 0 0 0 0 0
269 3 1 1 0 0 0 0 0 0 0 0 0 0
270 3 0 0 3 2 2 0 0 0 0 0 0 0
271 3 0 0 0 0 0 0 0 0 0 0 0 0
272 3 0 0 0 0 0 0 0 0 0 0 3 3
1107 2 1 1 0 0 0 0 0 0 0 0 0 0
1108 2 0 0 2 0 0 0 0 0 0 0 0 0
1109 2 0 0 2 0 0 0 0 0 0 0 0 0
1110 2 0 0 0 0 0 0 0 0 0 0 0 0
1111 2 1 1 0 0 0 0 0 0 0 0 0 0
1113 2 0 0 0 0 0 0 0 0 0 0 0 0
1114 2 0 0 0 0 0 0 0 0 0 0 0 0
1115 2 0 0 0 0 0 0 0 0 0 0 0 0
1116 2 0 0 0 0 0 0 0 0 0 0 0 0
1117 2 0 0 0 0 0 0 0 0 0 0 0 0
1118 2 0 0 0 0 0 0 0 0 0 0 0 0
1119 2 0 0 0 0 0 0 0 0 2 2 0 0
1607 1 1 1 0 0 0 0 0 0 0 0 0 0
1608 1 0 0 1 0 0 0 0 0 0 0 0 0
1609 1 0 0 1 0 0 0 0 0 0 0 0 0
1610 1 0 0 0 0 0 0 0 0 0 0 0 0
1611 1 1 1 0 0 0 0 0 0 0 0 0 0
1613 1 0 0 0 0 0 0 0 0 0 0 0 0
1614 1 0 0 0 0 0 0 0 0 0 0 0 0
1615 1 0 0 0 0 0 0 0 0 0 0 0 0
1616 1 0 0 0 0 0 0 0 0 0 0 0 0
1617 1 0 0 0 0 0 0 0 0 0 0 0 0
1618 1 0 0 0 0 0 0 0 0 0 0 0 0
1619 1 0 0 0 0 0 0 0 0 1 1 0 0
2238 3 1 1 0 0 0 0 0 0 0 0 0 0
2239 3 0 0 0 0 0 0 0 0 0 0 0 0
2240 3 0 0 0 0 0 0 0 0 0 0 0 0
2241 3 0 0 0 0 0 0 0 0 3 2 0 0
2242 2 0 0 0 0 0 0 0 0 0 0 0 0
2247 3 0 0 0 0 0 0 0 0 0 0 0 0
2253 3 0 0 3 0 0 0 0 0 0 0 0 0
2254 3 0 0 3 0 0 0 0 0 0 0 0 0
2262 3 0 0 0 0 0 0 0 0 0 0 0 0
2263 3 0 0 3 0 0 0 0 0 0 0 0 0
fn=strcmp
131 1902 1 1 1902 31 18 0 0 0 0 0 0 0
132 1902 0 0 1902 10 5 0 0 0 0 0 0 0
133 1902 0 0 0 0 0 0 0 0 1902 151 0 0
134 1719 0 0 0 0 0 0 0 0 0 0 0 0
135 1719 0 0 0 0 0 0 0 0 0 0 0 0
136 1719 0 0 0 0 0 0 0 0 0 0 0 0
137 1719 0 0 0 0 0 0 0 0 1719 166 0 0
139 139 0 0 0 0 0 0 0 0 0 0 0 0
140 139 0 0 139 0 0 0 0 0 0 0 0 0
142 183 0 0 0 0 0 0 0 0 0 0 0 0
143 183 0 0 0 0 0 0 0 0 0 0 0 0
144 183 0 0 0 0 0 0 0 0 0 0 0 0
145 183 0 0 183 0 0 0 0 0 0 0 0 0
fl=/build/buildd/eglibc-2.19/string/../sysdeps/x86_64/multiarch/memmove.c
fn=memcpy@GLIBC_2.2.5
49 1 1 1 0 0 0 0 0 0 0 0 0 0
fl=/build/buildd/eglibc-2.19/string/../sysdeps/x86_64/multiarch/strcmp.S
fn=strcasecmp
114 1 1 1 1 1 1 0 0 0 0 0 0 0
115 1 0 0 0 0 0 0 0 0 1 0 0 0
116 1 0 0 0 0 0 1 0 0 0 0 0 0
119 1 0 0 0 0 0 0 0 0 0 0 0 0
120 1 0 0 1 0 0 0 0 0 0 0 0 0
121 1 1 1 0 0 0 0 0 0 1 1 0 0
132 1 0 0 1 0 0 0 0 0 0 0 0 0
fn=strcmp
88 1 1 1 1 0 0 0 0 0 0 0 0 0
89 1 0 0 0 0 0 0 0 0 1 0 0 0
93 1 1 1 0 0 0 0 0 0 0 0 0 0
94 1 0 0 1 0 0 0 0 0 0 0 0 0
95 1 0 0 0 0 0 0 0 0 1 0 0 0
103 1 0 0 0 0 0 0 0 0 0 0 0 0
104 1 0 0 1 0 0 0 0 0 0 0 0 0
105 1 0 0 0 0 0 0 0 0 1 1 0 0
107 1 0 0 1 0 0 0 0 0 0 0 0 0
fn=strncasecmp
140 1 1 1 1 0 0 0 0 0 0 0 0 0
141 1 0 0 0 0 0 0 0 0 1 1 0 0
145 1 0 0 0 0 0 0 0 0 0 0 0 0
146 1 0 0 1 0 0 0 0 0 0 0 0 0
147 1 0 0 0 0 0 0 0 0 1 1 0 0
158 1 1 1 1 0 0 0 0 0 0 0 0 0
fl=/build/buildd/eglibc-2.19/string/../sysdeps/x86_64/rtld-memset.S
fn=memset
30 17 1 1 0 0 0 0 0 0 0 0 0 0
31 17 0 0 0 0 0 0 0 0 0 0 0 0
32 17 0 0 0 0 0 0 0 0 0 0 0 0
33 2316 0 0 0 0 0 2299 36 36 2316 62 0 0
34 17 0 0 0 0 0 0 0 0 0 0 0 0
35 17 0 0 17 0 0 0 0 0 0 0 0 0
fl=/build/buildd/eglibc-2.19/string/../sysdeps/x86_64/strchr.S
fn=strchrnul
24 2 1 1 0 0 0 0 0 0 0 0 0 0
25 2 0 0 0 0 0 0 0 0 0 0 0 0
26 2 0 0 0 0 0 0 0 0 0 0 0 0
27 2 0 0 0 0 0 0 0 0 0 0 0 0
28 2 0 0 0 0 0 0 0 0 0 0 0 0
29 2 0 0 0 0 0 0 0 0 0 0 0 0
30 2 0 0 0 0 0 0 0 0 0 0 0 0
31 2 0 0 0 0 0 0 0 0 2 0 0 0
32 2 0 0 2 0 0 0 0 0 0 0 0 0
33 2 0 0 0 0 0 0 0 0 0 0 0 0
34 2 0 0 0 0 0 0 0 0 0 0 0 0
35 2 0 0 0 0 0 0 0 0 0 0 0 0
36 2 0 0 0 0 0 0 0 0 0 0 0 0
37 2 0 0 0 0 0 0 0 0 0 0 0 0
38 2 0 0 0 0 0 0 0 0 0 0 0 0
39 2 1 1 0 0 0 0 0 0 0 0 0 0
40 2 0 0 0 0 0 0 0 0 2 1 0 0
41 1 0 0 0 0 0 0 0 0 0 0 0 0
43 1 0 0 0 0 0 0 0 0 0 0 0 0
50 1 0 0 1 0 0 0 0 0 0 0 0 0
54 1 0 0 1 0 0 0 0 0 0 0 0 0
55 1 0 0 0 0 0 0 0 0 0 0 0 0
56 1 0 0 0 0 0 0 0 0 0 0 0 0
57 1 0 0 0 0 0 0 0 0 0 0 0 0
58 1 0 0 0 0 0 0 0 0 0 0 0 0
59 1 0 0 0 0 0 0 0 0 0 0 0 0
60 1 0 0 1 1 1 0 0 0 0 0 0 0
61 1 0 0 0 0 0 0 0 0 0 0 0 0
62 1 0 0 0 0 0 0 0 0 0 0 0 0
63 1 0 0 0 0 0 0 0 0 0 0 0 0
64 1 0 0 0 0 0 0 0 0 0 0 0 0
65 1 1 1 0 0 0 0 0 0 0 0 0 0
66 1 0 0 0 0 0 0 0 0 0 0 0 0
67 1 0 0 1 0 0 0 0 0 0 0 0 0
68 1 0 0 0 0 0 0 0 0 0 0 0 0
69 1 0 0 0 0 0 0 0 0 0 0 0 0
70 1 0 0 0 0 0 0 0 0 0 0 0 0
71 1 0 0 0 0 0 0 0 0 0 0 0 0
72 1 0 0 0 0 0 0 0 0 0 0 0 0
73 1 0 0 0 0 0 0 0 0 0 0 0 0
74 1 0 0 0 0 0 0 0 0 0 0 0 0
75 1 0 0 0 0 0 0 0 0 0 0 0 0
76 1 0 0 0 0 0 0 0 0 0 0 0 0
77 1 0 0 0 0 0 0 0 0 1 1 0 0
129 1 1 1 0 0 0 0 0 0 0 0 0 0
131 1 0 0 0 0 0 0 0 0 0 0 0 0
138 1 0 0 1 0 0 0 0 0 0 0 0 0
fl=/build/buildd/eglibc-2.19/string/../sysdeps/x86_64/strlen.S
fn=strlen
66 1 1 1 0 0 0 0 0 0 0 0 0 0
67 1 0 0 0 0 0 0 0 0 0 0 0 0
68 1 0 0 0 0 0 0 0 0 0 0 0 0
69 1 0 0 0 0 0 0 0 0 0 0 0 0
70 1 0 0 0 0 0 0 0 0 0 0 0 0
71 1 0 0 0 0 0 0 0 0 0 0 0 0
72 1 0 0 0 0 0 0 0 0 0 0 0 0
74 1 0 0 0 0 0 0 0 0 0 0 0 0
76 1 0 0 0 0 0 0 0 0 1 0 0 0
106 1 0 0 1 1 1 0 0 0 0 0 0 0
107 1 0 0 0 0 0 0 0 0 0 0 0 0
108 1 0 0 0 0 0 0 0 0 0 0 0 0
109 1 0 0 0 0 0 0 0 0 0 0 0 0
110 1 0 0 0 0 0 0 0 0 1 0 0 0
111 1 0 0 0 0 0 0 0 0 0 0 0 0
112 1 1 1 1 0 0 0 0 0 0 0 0 0
fl=/build/buildd/eglibc-2.19/string/../sysdeps/x86_64/strrchr.S
fn=rindex
24 1 1 1 0 0 0 0 0 0 0 0 0 0
25 1 0 0 0 0 0 0 0 0 0 0 0 0
26 1 0 0 0 0 0 0 0 0 0 0 0 0
27 1 0 0 0 0 0 0 0 0 0 0 0 0
28 1 0 0 0 0 0 0 0 0 0 0 0 0
29 1 0 0 0 0 0 0 0 0 0 0 0 0
30 1 0 0 0 0 0 0 0 0 0 0 0 0
31 1 0 0 0 0 0 0 0 0 1 0 0 0
32 1 0 0 1 1 0 0 0 0 0 0 0 0
33 1 0 0 0 0 0 0 0 0 0 0 0 0
34 1 0 0 0 0 0 0 0 0 0 0 0 0
35 1 0 0 0 0 0 0 0 0 0 0 0 0
36 1 0 0 0 0 0 0 0 0 0 0 0 0
37 1 0 0 0 0 0 0 0 0 0 0 0 0
38 1 1 1 0 0 0 0 0 0 0 0 0 0
39 1 0 0 0 0 0 0 0 0 0 0 0 0
40 1 0 0 0 0 0 0 0 0 1 0 0 0
41 1 0 0 0 0 0 0 0 0 0 0 0 0
42 1 0 0 0 0 0 0 0 0 0 0 0 0
43 1 0 0 0 0 0 0 0 0 0 0 0 0
44 1 0 0 0 0 0 0 0 0 1 0 0 0
45 1 0 0 0 0 0 0 0 0 0 0 0 0
46 1 0 0 0 0 0 0 0 0 0 0 0 0
47 1 0 0 1 0 0 0 0 0 0 0 0 0
fl=/build/buildd/eglibc-2.19/time/../sysdeps/generic/dl-hash.h
fn=gettimeofday
43 1 0 0 0 0 0 0 0 0 0 0 0 0
44 1 1 1 0 0 0 0 0 0 0 0 0 0
45 13 1 1 4 0 0 0 0 0 4 3 0 0
48 12 0 0 0 0 0 0 0 0 0 0 0 0
49 8 0 0 0 0 0 0 0 0 0 0 0 0
62 8 0 0 0 0 0 0 0 0 0 0 0 0
67 1 0 0 0 0 0 0 0 0 0 0 0 0
fn=time
43 1 0 0 0 0 0 0 0 0 0 0 0 0
44 1 0 0 0 0 0 0 0 0 0 0 0 0
45 13 0 0 4 1 1 0 0 0 4 3 0 0
48 12 0 0 0 0 0 0 0 0 0 0 0 0
49 8 1 1 0 0 0 0 0 0 0 0 0 0
62 8 0 0 0 0 0 0 0 0 0 0 0 0
67 1 0 0 0 0 0 0 0 0 0 0 0 0
fl=/build/buildd/eglibc-2.19/time/../sysdeps/unix/sysv/linux/x86_64/gettimeofday.c
fn=gettimeofday
30 1 0 0 0 0 0 0 0 0 0 0 0 0
31 7 0 0 0 0 0 4 0 0 1 0 0 0
34 3 0 0 0 0 0 1 0 0 0 0 0 0
35 3 0 0 0 0 0 0 0 0 0 0 0 0
36 3 0 0 1 0 0 0 0 0 0 0 0 0
fl=/build/buildd/eglibc-2.19/time/../sysdeps/unix/sysv/linux/x86_64/time.c
fn=time
36 1 0 0 0 0 0 0 0 0 0 0 0 0
37 7 1 1 0 0 0 4 0 0 1 0 0 0
40 6 1 1 0 0 0 1 0 0 0 0 0 0
41 3 0 0 1 0 0 0 0 0 0 0 0 0
fl=/home/jnoli/a-orga2-TP2/tp2-bundle-v2/cli.c
fn=procesar_opciones
27 6 1 1 0 0 0 4 0 0 0 0 0 0
29 2 0 0 1 0 0 0 0 0 1 1 0 0
35 1 1 1 0 0 0 1 0 0 0 0 0 0
39 2 0 0 1 0 0 1 0 0 0 0 0 0
40 2 0 0 1 0 0 1 0 0 0 0 0 0
41 2 0 0 1 0 0 1 0 0 0 0 0 0
42 2 1 1 1 0 0 1 0 0 0 0 0 0
43 2 0 0 1 0 0 1 0 0 0 0 0 0
44 2 0 0 1 0 0 1 0 0 0 0 0 0
45 2 0 0 1 0 0 1 0 0 0 0 0 0
46 2 1 1 1 0 0 1 0 0 0 0 0 0
47 2 0 0 1 0 0 1 0 0 0 0 0 0
50 1 0 0 0 0 0 1 0 0 0 0 0 0
52 42 1 1 36 5 5 36 0 0 36 9 0 0
66 16 0 0 6 0 0 4 0 0 0 0 0 0
69 4 0 0 2 0 0 0 0 0 2 0 0 0
70 1 1 1 0 0 0 0 0 0 0 0 0 0
73 7 1 1 2 1 1 0 0 0 1 0 1 1
79 2 1 1 1 0 0 1 0 0 0 0 0 0
80 1 0 0 0 0 0 0 0 0 0 0 0 0
106 1 1 1 0 0 0 0 0 0 0 0 0 0
109 10 0 0 4 0 0 2 0 0 0 0 0 0
111 4 0 0 2 0 0 0 0 0 1 0 0 0
118 4 1 1 1 0 0 0 0 0 2 1 0 0
119 6 0 0 1 0 0 1 0 0 1 1 0 0
120 4 1 1 1 0 0 1 0 0 0 0 0 0
126 6 1 1 1 0 0 1 0 0 1 1 0 0
129 2 0 0 1 0 0 1 0 0 0 0 0 0
134 10 1 1 4 0 0 2 0 0 0 0 0 0
136 4 0 0 2 0 0 0 0 0 1 1 0 0
141 7 1 1 2 0 0 1 0 0 1 0 0 0
142 6 0 0 2 0 0 1 0 0 0 0 0 0
144 2 1 1 0 0 0 1 0 0 0 0 0 0
fl=/home/jnoli/a-orga2-TP2/tp2-bundle-v2/tp2.c
fn=main
24 9 1 1 1 0 0 5 0 0 0 0 0 0
28 6 1 1 2 0 0 1 0 0 0 0 0 0
fl=???
fn=???
0 330 33 29 189 3 0 43 1 1 17 6 139 22
fn=__atan2_finite
0 9 0 0 2 0 0 1 0 0 2 1 0 0
fn=__libc_csu_init
0 34 2 2 8 1 0 8 0 0 2 0 1 1
fn=__log_finite
0 9 1 1 2 0 0 1 0 0 2 1 0 0
fn=_dl_debug_initialize
0 5 1 1 4 0 0 0 0 0 1 1 0 0
fn=memcpy@GLIBC_2.2.5
0 12 1 1 4 0 0 0 0 0 2 0 0 0
fn=sin
0 9 0 0 2 0 0 1 0 0 2 1 0 0
summary: 159332 898 890 40817 1528 1229 17890 568 511 31993 2928 401 120
